2 0 256 1 1 1 16 0 0 0 0 0 0 0 0 0 0 0 0 0 0 0 0 2 0 256 1 1 1 4 1024 1024 1024 0 256 1 1 1 4 1024 1024 1024 Vcur-0
2 0 256 2048 1 1 16 0 0 0 0 0 0 0 0 0 0 0 0 0 0 0 0 2 0 256 2048 1 1 4 1024 2097152 2097152 0 256 1 1 1 4 1024 1024 1024 Vcur-0
2 0 1536 1 1 1 16 0 0 0 0 0 0 0 0 0 0 0 0 0 0 0 0 2 0 1536 1 1 1 4 6144 6144 6144 0 1536 1 1 1 4 6144 6144 6144 Qcur-0
2 0 1536 2048 1 1 16 0 0 0 0 0 0 0 0 0 0 0 0 0 0 0 0 2 0 1536 2048 1 1 4 6144 12582912 12582912 0 1536 1 1 1 4 6144 6144 6144 Qcur-0
2 0 1536 2048 1 1 16 0 0 0 0 0 0 0 0 0 0 0 0 0 0 0 0 2 0 1536 2048 1 1 4 6144 12582912 12582912 0 1536 2048 1 1 4 6144 12582912 12582912 ffn_inp-0
7 0 1536 1 1 1 16 0 0 0 0 0 0 0 0 0 0 0 0 0 0 0 0 2 0 1536 1 1 1 4 6144 6144 6144 0 1536 1 1 1 4 6144 6144 6144 attn_norm-0
7 0 1536 2048 1 1 16 0 0 0 0 0 0 0 0 0 0 0 0 0 0 0 0 2 0 1536 2048 1 1 4 6144 12582912 12582912 0 1536 1 1 1 4 6144 6144 6144 attn_norm-0
25 0 1536 1 1 1 16 897988541 0 0 0 0 0 0 0 0 0 0 0 0 0 0 0 1 0 1536 1 1 1 4 6144 6144 6144 norm-0
25 0 1536 2048 1 1 16 897988541 0 0 0 0 0 0 0 0 0 0 0 0 0 0 0 1 0 1536 2048 1 1 4 6144 12582912 12582912 norm-0
29 0 256 1 1 1 16 0 0 0 0 0 0 0 0 0 0 0 0 0 0 0 0 2 12 1536 256 1 1 144 864 221184 221184 0 1536 1 1 1 4 6144 6144 6144 Kcur-0
29 0 256 1 1 1 16 0 0 0 0 0 0 0 0 0 0 0 0 0 0 0 0 2 14 1536 256 1 1 210 1260 322560 322560 0 1536 1 1 1 4 6144 6144 6144 Vcur-0
29 0 256 2048 1 1 16 0 0 0 0 0 0 0 0 0 0 0 0 0 0 0 0 2 12 1536 256 1 1 144 864 221184 221184 0 1536 2048 1 1 4 6144 12582912 12582912 Kcur-0
29 0 256 2048 1 1 16 0 0 0 0 0 0 0 0 0 0 0 0 0 0 0 0 2 14 1536 256 1 1 210 1260 322560 322560 0 1536 2048 1 1 4 6144 12582912 12582912 Vcur-0
29 0 1536 1 1 1 16 0 0 0 0 0 0 0 0 0 0 0 0 0 0 0 0 2 12 1536 1536 1 1 144 864 1327104 1327104 0 1536 1 1 1 4 6144 6144 6144 Qcur-0
29 0 1536 1 1 1 16 0 0 0 0 0 0 0 0 0 0 0 0 0 0 0 0 2 12 8960 1536 1 1 144 5040 7741440 7741440 0 8960 1 1 1 4 35840 35840 35840 ffn_out-2
29 0 1536 1 1 1 16 0 0 0 0 0 0 0 0 0 0 0 0 0 0 0 0 2 14 8960 1536 1 1 210 7350 11289600 11289600 0 8960 1 1 1 4 35840 35840 35840 ffn_out-0
29 0 1536 2048 1 1 16 0 0 0 0 0 0 0 0 0 0 0 0 0 0 0 0 2 12 1536 1536 1 1 144 864 1327104 1327104 0 1536 2048 1 1 4 6144 12582912 12582912 Qcur-0
29 0 1536 2048 1 1 16 0 0 0 0 0 0 0 0 0 0 0 0 0 0 0 0 2 12 8960 1536 1 1 144 5040 7741440 7741440 0 8960 2048 1 1 4 35840 73400320 73400320 ffn_out-2
29 0 1536 2048 1 1 16 0 0 0 0 0 0 0 0 0 0 0 0 0 0 0 0 2 14 8960 1536 1 1 210 7350 11289600 11289600 0 8960 2048 1 1 4 35840 73400320 73400320 ffn_out-0
29 0 8960 1 1 1 16 0 0 0 0 0 0 0 0 0 0 0 0 0 0 0 0 2 12 1536 8960 1 1 144 864 7741440 7741440 0 1536 1 1 1 4 6144 6144 6144 ffn_gate-0
29 0 8960 2048 1 1 16 0 0 0 0 0 0 0 0 0 0 0 0 0 0 0 0 2 12 1536 8960 1 1 144 864 7741440 7741440 0 1536 2048 1 1 4 6144 12582912 12582912 ffn_gate-0
29 0 151936 1 1 1 16 0 0 0 0 0 0 0 0 0 0 0 0 0 0 0 0 2 14 1536 151936 1 1 210 1260 191439360 191439360 0 1536 1 1 1 4 6144 6144 6144 result_output
29 0 151936 2048 1 1 16 0 0 0 0 0 0 0 0 0 0 0 0 0 0 0 0 2 14 1536 151936 1 1 210 1260 191439360 191439360 0 1536 2048 1 1 4 6144 12582912 12582912 result_output
40 0 1536 1 1 1 16 0 0 0 0 0 0 0 0 0 0 0 0 0 0 0 0 2 0 1536 1 1 1 4 6144 6144 6144 26 1 1 1 1 4 4 4 4 node_945
40 0 1536 1 1 1 16 0 0 0 0 0 0 0 0 0 0 0 0 0 0 0 0 2 12 1536 151936 1 1 144 864 131272704 131272704 26 1 1 1 1 4 4 4 4 embd
40 0 1536 2048 1 1 16 0 0 0 0 0 0 0 0 0 0 0 0 0 0 0 0 2 0 1536 2048 1 1 4 6144 12582912 12582912 26 2048 1 1 1 4 8192 8192 8192 node_945
40 0 1536 2048 1 1 16 0 0 0 0 0 0 0 0 0 0 0 0 0 0 0 0 2 12 1536 151936 1 1 144 864 131272704 131272704 26 2048 1 1 1 4 8192 8192 8192 embd
42 1 256 4096 1 1 16 0 0 0 0 0 0 0 0 0 0 0 0 0 0 0 0 3 0 256 1 1 1 4 1024 1024 1024 27 1 1 1 1 8 8 8 8 1 256 4096 1 1 2 512 2097152 2097152 cache_k_l0 (view)
42 1 256 4096 1 1 16 0 0 0 0 0 0 0 0 0 0 0 0 0 0 0 0 3 0 256 2048 1 1 4 1024 2097152 2097152 27 2048 1 1 1 8 16384 16384 16384 1 256 4096 1 1 2 512 2097152 2097152 cache_k_l0 (view)
48 0 128 2 1 1 16 0 128 2 0 32768 1232348160 1065353216 0 1065353216 1107296256 1065353216 0 0 0 0 0 2 0 128 2 1 1 4 512 1024 1024 26 1 1 1 1 4 4 4 4 Kcur-0
48 0 128 2 2048 1 16 0 128 2 0 32768 1232348160 1065353216 0 1065353216 1107296256 1065353216 0 0 0 0 0 2 0 128 2 2048 1 4 512 1024 2097152 26 2048 1 1 1 4 8192 8192 8192 Kcur-0
48 0 128 12 1 1 16 0 128 2 0 32768 1232348160 1065353216 0 1065353216 1107296256 1065353216 0 0 0 0 0 2 0 128 12 1 1 4 512 6144 6144 26 1 1 1 1 4 4 4 4 Qcur-0
48 0 128 12 2048 1 16 0 128 2 0 32768 1232348160 1065353216 0 1065353216 1107296256 1065353216 0 0 0 0 0 2 0 128 12 2048 1 4 512 6144 12582912 26 2048 1 1 1 4 8192 8192 8192 Qcur-0
74 0 128 12 1 1 16 1035273459 0 0 10 0 0 0 0 0 0 0 0 0 0 0 0 4 0 128 1 12 1 4 6144 512 6144 1 128 4096 2 1 2 512 256 2097152 1 128 4096 2 1 2 512 256 2097152 1 4096 1 1 1 2 8192 8192 8192 node_24
74 0 128 12 2048 1 16 1035273459 0 0 10 0 0 0 0 0 0 0 0 0 0 0 0 4 0 128 2048 12 1 4 6144 512 12582912 1 128 4096 2 1 2 512 256 2097152 1 128 4096 2 1 2 512 256 2097152 1 4096 2048 1 1 2 8192 16777216 16777216 node_24
100 0 8960 1 1 1 16 2 0 0 0 0 0 0 0 0 0 0 0 0 0 0 0 2 0 8960 1 1 1 4 35840 35840 35840 0 8960 1 1 1 4 35840 35840 35840 ffn_swiglu-0
100 0 8960 2048 1 1 16 2 0 0 0 0 0 0 0 0 0 0 0 0 0 0 0 2 0 8960 2048 1 1 4 35840 73400320 73400320 0 8960 2048 1 1 4 35840 73400320 73400320 ffn_swiglu-0
