Node 1, gpu_id 11d8:
   Inst 0, HIQ on MEC 2 Pipe 0 Queue 0
    0000c824: 00264000 00000000 00000001 00000000 400c5301 00000000 00000000 00000111
    0000c844: 00015620 00000000 000000f9 01563800 00000000 01563a00 00000000 e0003000
    0000c864: 00000000 d0008508 01564600 00000000 00000025 40300000 00000000 00000000
    0000c884: 00000000 00000000 00000000 00000000 00000000 00000000 00000000 00000000
    0000c8a4: 4000c440 00000000 00000100 00000000 00000000 00015628 00000000 00000009
    0000c8c4: 40000000 03ff8000 00000000 00000000 00000000 00000000 00000000 00000000
    0000c8e4: 00000000 00000000 00000000 00000000 00000000 00000000 000592f9 00000000
 Inst 0,  CP Pipe 0, Queue 2
    0000c824: 01564800 00000000 00000001 00000808 40005301 00000001 00000000 00000111
    0000c844: fde42000 0000007e 00000120 e8be6080 00007efe e8be6038 00007efe e000400a
    0000c864: 00000000 18084511 00000000 00000000 00000000 00300000 00000000 00000000
    0000c884: 00000000 00000000 00000000 00000000 00000000 00000000 00000000 00000000
    0000c8a4: 0000c000 00000000 00000100 00000000 00000000 fee8be20 0000007e 00000009
    0000c8c4: 40000090 03ff8090 00000000 d5c00000 00007efd 00000000 00004000 00004000
    0000c8e4: 00004000 00d4c000 00000000 00000000 00000090 00000003 00000130 00000000
 Inst 0,  CP Pipe 0, Queue 3
    0000c824: 01563e00 00000000 00000000 00000808 40005301 00000001 00000000 00000111
    0000c844: 82f3ff20 0000007f 00000000 f3ff4080 00007f82 f3ff4038 00007f82 00000002
    0000c864: 00000000 1808c509 f3fe8000 00007f82 00000008 00300000 00000000 00000000
    0000c884: 00000000 00000000 00000000 00000000 00000000 00000000 00000000 00000000
    0000c8a4: 40004002 00000000 00000100 00000000 00000000 82f3fee0 0000007f 00000009
    0000c8c4: 400003a8 03ff83a8 00000000 9d600000 00007f81 00000000 00004000 00004000
    0000c8e4: 00004000 00d4c000 00000000 00000000 000003a8 00000001 00000000 00000000
 Inst 0,  CP Pipe 0, Queue 4
    0000c824: 00000000 00000000 00000000 00000000 0be05301 00000000 00000000 00000000
    0000c844: 00000000 00000000 00000000 00000000 00000000 00000000 00000000 00000000
    0000c864: 00000000 00308509 00000000 00000000 00000000 00300000 00000000 00000000
    0000c884: 00000000 00000000 00000000 00000000 00000000 00000000 00000000 00000000
    0000c8a4: 40000000 00000000 00000100 00000000 00000000 00000000 00000000 00000006
    0000c8c4: 40000000 007f8000 00000000 00000000 00000000 00000000 00000000 00000000
    0000c8e4: 00000000 00000000 00000000 00000000 00000000 00000000 00000000 00000000
 Inst 0,  CP Pipe 0, Queue 5
    0000c824: 00000000 00000000 00000000 00000000 0be05301 00000000 00000000 00000000
    0000c844: 00000000 00000000 00000000 00000000 00000000 00000000 00000000 00000000
    0000c864: 00000000 00308509 00000000 00000000 00000000 00300000 00000000 00000000
    0000c884: 00000000 00000000 00000000 00000000 00000000 00000000 00000000 00000000
    0000c8a4: 40000000 00000000 00000100 00000000 00000000 00000000 00000000 00000006
    0000c8c4: 40000000 007f8000 00000000 00000000 00000000 00000000 00000000 00000000
    0000c8e4: 00000000 00000000 00000000 00000000 00000000 00000000 00000000 00000000
 Inst 0,  CP Pipe 0, Queue 6
    0000c824: 00000000 00000000 00000000 00000000 0be05301 00000000 00000000 00000000
    0000c844: 00000000 00000000 00000000 00000000 00000000 00000000 00000000 00000000
    0000c864: 00000000 00308509 00000000 00000000 00000000 00300000 00000000 00000000
    0000c884: 00000000 00000000 00000000 00000000 00000000 00000000 00000000 00000000
    0000c8a4: 40000000 00000000 00000100 00000000 00000000 00000000 00000000 00000006
    0000c8c4: 40000000 007f8000 00000000 00000000 00000000 00000000 00000000 00000000
    0000c8e4: 00000000 00000000 00000000 00000000 00000000 00000000 00000000 00000000
 Inst 0,  CP Pipe 0, Queue 7
    0000c824: 00000000 00000000 00000000 00000000 0be05301 00000000 00000000 00000000
    0000c844: 00000000 00000000 00000000 00000000 00000000 00000000 00000000 00000000
    0000c864: 00000000 00308509 00000000 00000000 00000000 00300000 00000000 00000000
    0000c884: 00000000 00000000 00000000 00000000 00000000 00000000 00000000 00000000
    0000c8a4: 40000000 00000000 00000100 00000000 00000000 00000000 00000000 00000006
    0000c8c4: 40000000 007f8000 00000000 00000000 00000000 00000000 00000000 00000000
    0000c8e4: 00000000 00000000 00000000 00000000 00000000 00000000 00000000 00000000
 Inst 0,  CP Pipe 1, Queue 2
    0000c824: 01563e00 00000000 00000001 00000808 40005301 00000001 00000000 00000111
    0000c844: fee8bf20 0000007e 00000010 e8bf9080 00007efe e8bf9038 00007efe 60004002
    0000c864: 00000000 1808c509 e8be8000 00007efe 00000008 00300000 00000000 00000000
    0000c884: 00000000 00000000 00000000 00000000 00000000 00000000 00000000 00000000
    0000c8a4: 40004000 00000000 00000100 00000000 00000000 fee8bee0 0000007e 00000009
    0000c8c4: 40000008 03ff8008 00000000 d7200000 00007efd 00000000 00004000 00004000
    0000c8e4: 00004000 00d4c000 00000000 00000000 00000008 00000001 00000010 00000000
 Inst 0,  CP Pipe 1, Queue 3
    0000c824: 01563e00 00000000 00000000 00000808 40005301 00000001 00000000 00000111
    0000c844: af269670 0000007f 00000000 26969080 00007faf 26969038 00007faf 00000002
    0000c864: 00000000 1808c509 265cc000 00007faf 00000008 00300000 00000000 00000000
    0000c884: 00000000 00000000 00000000 00000000 00000000 00000000 00000000 00000000
    0000c8a4: 40004000 00000000 00000100 00000000 00000000 af265d10 0000007f 00000009
    0000c8c4: 40000080 03ff8080 00000000 c5200000 00007fad 00000000 00004000 00004000
    0000c8e4: 00004000 00d4c000 00000000 00000000 00000080 00000001 00000000 00000000
 Inst 0,  CP Pipe 1, Queue 4
    0000c824: 00000000 00000000 00000000 00000000 0be05301 00000000 00000000 00000000
    0000c844: 00000000 00000000 00000000 00000000 00000000 00000000 00000000 00000000
    0000c864: 00000000 00308509 00000000 00000000 00000000 00300000 00000000 00000000
    0000c884: 00000000 00000000 00000000 00000000 00000000 00000000 00000000 00000000
    0000c8a4: 40000000 00000000 00000100 00000000 00000000 00000000 00000000 00000006
    0000c8c4: 40000000 007f8000 00000000 00000000 00000000 00000000 00000000 00000000
    0000c8e4: 00000000 00000000 00000000 00000000 00000000 00000000 00000000 00000000
 Inst 0,  CP Pipe 1, Queue 5
    0000c824: 00000000 00000000 00000000 00000000 0be05301 00000000 00000000 00000000
    0000c844: 00000000 00000000 00000000 00000000 00000000 00000000 00000000 00000000
    0000c864: 00000000 00308509 00000000 00000000 00000000 00300000 00000000 00000000
    0000c884: 00000000 00000000 00000000 00000000 00000000 00000000 00000000 00000000
    0000c8a4: 40000000 00000000 00000100 00000000 00000000 00000000 00000000 00000006
    0000c8c4: 40000000 007f8000 00000000 00000000 00000000 00000000 00000000 00000000
    0000c8e4: 00000000 00000000 00000000 00000000 00000000 00000000 00000000 00000000
 Inst 0,  CP Pipe 1, Queue 6
    0000c824: 00000000 00000000 00000000 00000000 0be05301 00000000 00000000 00000000
    0000c844: 00000000 00000000 00000000 00000000 00000000 00000000 00000000 00000000
    0000c864: 00000000 00308509 00000000 00000000 00000000 00300000 00000000 00000000
    0000c884: 00000000 00000000 00000000 00000000 00000000 00000000 00000000 00000000
    0000c8a4: 40000000 00000000 00000100 00000000 00000000 00000000 00000000 00000006
    0000c8c4: 40000000 007f8000 00000000 00000000 00000000 00000000 00000000 00000000
    0000c8e4: 00000000 00000000 00000000 00000000 00000000 00000000 00000000 00000000
 Inst 0,  CP Pipe 1, Queue 7
    0000c824: 00000000 00000000 00000000 00000000 0be05301 00000000 00000000 00000000
    0000c844: 00000000 00000000 00000000 00000000 00000000 00000000 00000000 00000000
    0000c864: 00000000 00308509 00000000 00000000 00000000 00300000 00000000 00000000
    0000c884: 00000000 00000000 00000000 00000000 00000000 00000000 00000000 00000000
    0000c8a4: 40000000 00000000 00000100 00000000 00000000 00000000 00000000 00000006
    0000c8c4: 40000000 007f8000 00000000 00000000 00000000 00000000 00000000 00000000
    0000c8e4: 00000000 00000000 00000000 00000000 00000000 00000000 00000000 00000000
 Inst 0,  CP Pipe 2, Queue 2
    0000c824: 01563e00 00000000 00000000 00000808 40005301 00000001 00000000 00000111
    0000c844: c495a3d0 0000007f 00000000 95a3f080 00007fc4 95a3f038 00007fc4 00000002
    0000c864: 00000000 1808c509 95a34000 00007fc4 00000008 00300000 00000000 00000000
    0000c884: 00000000 00000000 00000000 00000000 00000000 00000000 00000000 00000000
    0000c8a4: 40004000 00000000 00000100 00000000 00000000 c495a390 0000007f 00000009
    0000c8c4: 400003e8 03ff83e8 00000000 4c800000 00007fc3 00000000 00004000 00004000
    0000c8e4: 00004000 00d4c000 00000000 00000000 000003e8 00000001 00000000 00000000
 Inst 0,  CP Pipe 2, Queue 3
    0000c824: 00000000 00000000 00000000 00000000 0be05301 00000000 00000000 00000000
    0000c844: 00000000 00000000 00000000 00000000 00000000 00000000 00000000 00000000
    0000c864: 00000000 00308509 00000000 00000000 00000000 00300000 00000000 00000000
    0000c884: 00000000 00000000 00000000 00000000 00000000 00000000 00000000 00000000
    0000c8a4: 40000000 00000000 00000100 00000000 00000000 00000000 00000000 00000006
    0000c8c4: 40000000 007f8000 00000000 00000000 00000000 00000000 00000000 00000000
    0000c8e4: 00000000 00000000 00000000 00000000 00000000 00000000 00000000 00000000
 Inst 0,  CP Pipe 2, Queue 4
    0000c824: 00000000 00000000 00000000 00000000 0be05301 00000000 00000000 00000000
    0000c844: 00000000 00000000 00000000 00000000 00000000 00000000 00000000 00000000
    0000c864: 00000000 00308509 00000000 00000000 00000000 00300000 00000000 00000000
    0000c884: 00000000 00000000 00000000 00000000 00000000 00000000 00000000 00000000
    0000c8a4: 40000000 00000000 00000100 00000000 00000000 00000000 00000000 00000006
    0000c8c4: 40000000 007f8000 00000000 00000000 00000000 00000000 00000000 00000000
    0000c8e4: 00000000 00000000 00000000 00000000 00000000 00000000 00000000 00000000
 Inst 0,  CP Pipe 2, Queue 5
    0000c824: 00000000 00000000 00000000 00000000 0be05301 00000000 00000000 00000000
    0000c844: 00000000 00000000 00000000 00000000 00000000 00000000 00000000 00000000
    0000c864: 00000000 00308509 00000000 00000000 00000000 00300000 00000000 00000000
    0000c884: 00000000 00000000 00000000 00000000 00000000 00000000 00000000 00000000
    0000c8a4: 40000000 00000000 00000100 00000000 00000000 00000000 00000000 00000006
    0000c8c4: 40000000 007f8000 00000000 00000000 00000000 00000000 00000000 00000000
    0000c8e4: 00000000 00000000 00000000 00000000 00000000 00000000 00000000 00000000
 Inst 0,  CP Pipe 2, Queue 6
    0000c824: 00000000 00000000 00000000 00000000 0be05301 00000000 00000000 00000000
    0000c844: 00000000 00000000 00000000 00000000 00000000 00000000 00000000 00000000
    0000c864: 00000000 00308509 00000000 00000000 00000000 00300000 00000000 00000000
    0000c884: 00000000 00000000 00000000 00000000 00000000 00000000 00000000 00000000
    0000c8a4: 40000000 00000000 00000100 00000000 00000000 00000000 00000000 00000006
    0000c8c4: 40000000 007f8000 00000000 00000000 00000000 00000000 00000000 00000000
    0000c8e4: 00000000 00000000 00000000 00000000 00000000 00000000 00000000 00000000
 Inst 0,  CP Pipe 2, Queue 7
    0000c824: 00000000 00000000 00000000 00000000 0be05301 00000000 00000000 00000000
    0000c844: 00000000 00000000 00000000 00000000 00000000 00000000 00000000 00000000
    0000c864: 00000000 00308509 00000000 00000000 00000000 00300000 00000000 00000000
    0000c884: 00000000 00000000 00000000 00000000 00000000 00000000 00000000 00000000
    0000c8a4: 40000000 00000000 00000100 00000000 00000000 00000000 00000000 00000006
    0000c8c4: 40000000 007f8000 00000000 00000000 00000000 00000000 00000000 00000000
    0000c8e4: 00000000 00000000 00000000 00000000 00000000 00000000 00000000 00000000
 Inst 0,  CP Pipe 3, Queue 2
    0000c824: 01563e00 00000000 00000000 00000808 40005301 00000001 00000000 00000111
    0000c844: 82f3ff20 0000007f 00000000 f3ff4080 00007f82 f3ff4038 00007f82 00000002
    0000c864: 00000000 1808c509 f3fe8000 00007f82 00000008 00300000 00000000 00000000
    0000c884: 00000000 00000000 00000000 00000000 00000000 00000000 00000000 00000000
    0000c8a4: 40004002 00000000 00000100 00000000 00000000 82f3fee0 0000007f 00000009
    0000c8c4: 400003a8 03ff83a8 00000000 9d600000 00007f81 00000000 00004000 00004000
    0000c8e4: 00004000 00d4c000 00000000 00000000 000003a8 00000001 00000000 00000000
 Inst 0,  CP Pipe 3, Queue 3
    0000c824: 00000000 00000000 00000000 00000000 0be05301 00000000 00000000 00000000
    0000c844: 00000000 00000000 00000000 00000000 00000000 00000000 00000000 00000000
    0000c864: 00000000 00308509 00000000 00000000 00000000 00300000 00000000 00000000
    0000c884: 00000000 00000000 00000000 00000000 00000000 00000000 00000000 00000000
    0000c8a4: 40000000 00000000 00000100 00000000 00000000 00000000 00000000 00000006
    0000c8c4: 40000000 007f8000 00000000 00000000 00000000 00000000 00000000 00000000
    0000c8e4: 00000000 00000000 00000000 00000000 00000000 00000000 00000000 00000000
 Inst 0,  CP Pipe 3, Queue 4
    0000c824: 00000000 00000000 00000000 00000000 0be05301 00000000 00000000 00000000
    0000c844: 00000000 00000000 00000000 00000000 00000000 00000000 00000000 00000000
    0000c864: 00000000 00308509 00000000 00000000 00000000 00300000 00000000 00000000
    0000c884: 00000000 00000000 00000000 00000000 00000000 00000000 00000000 00000000
    0000c8a4: 40000000 00000000 00000100 00000000 00000000 00000000 00000000 00000006
    0000c8c4: 40000000 007f8000 00000000 00000000 00000000 00000000 00000000 00000000
    0000c8e4: 00000000 00000000 00000000 00000000 00000000 00000000 00000000 00000000
 Inst 0,  CP Pipe 3, Queue 5
    0000c824: 00000000 00000000 00000000 00000000 0be05301 00000000 00000000 00000000
    0000c844: 00000000 00000000 00000000 00000000 00000000 00000000 00000000 00000000
    0000c864: 00000000 00308509 00000000 00000000 00000000 00300000 00000000 00000000
    0000c884: 00000000 00000000 00000000 00000000 00000000 00000000 00000000 00000000
    0000c8a4: 40000000 00000000 00000100 00000000 00000000 00000000 00000000 00000006
    0000c8c4: 40000000 007f8000 00000000 00000000 00000000 00000000 00000000 00000000
    0000c8e4: 00000000 00000000 00000000 00000000 00000000 00000000 00000000 00000000
 Inst 0,  CP Pipe 3, Queue 6
    0000c824: 00000000 00000000 00000000 00000000 0be05301 00000000 00000000 00000000
    0000c844: 00000000 00000000 00000000 00000000 00000000 00000000 00000000 00000000
    0000c864: 00000000 00308509 00000000 00000000 00000000 00300000 00000000 00000000
    0000c884: 00000000 00000000 00000000 00000000 00000000 00000000 00000000 00000000
    0000c8a4: 40000000 00000000 00000100 00000000 00000000 00000000 00000000 00000006
    0000c8c4: 40000000 007f8000 00000000 00000000 00000000 00000000 00000000 00000000
    0000c8e4: 00000000 00000000 00000000 00000000 00000000 00000000 00000000 00000000
 Inst 0,  CP Pipe 3, Queue 7
    0000c824: 00000000 00000000 00000000 00000000 0be05301 00000000 00000000 00000000
    0000c844: 00000000 00000000 00000000 00000000 00000000 00000000 00000000 00000000
    0000c864: 00000000 00308509 00000000 00000000 00000000 00300000 00000000 00000000
    0000c884: 00000000 00000000 00000000 00000000 00000000 00000000 00000000 00000000
    0000c8a4: 40000000 00000000 00000100 00000000 00000000 00000000 00000000 00000006
    0000c8c4: 40000000 007f8000 00000000 00000000 00000000 00000000 00000000 00000000
    0000c8e4: 00000000 00000000 00000000 00000000 00000000 00000000 00000000 00000000
  SDMA Engine 0, RLC 0
    00004e80: 88060025 9e842000 0000007f 00000000 00000000 00000000 00000000 00000000
    00004ea0: 00007f9f 88086010 00000000 00000000 00000000 00000000 00000000 00000000
    00004ec0: 0000c3aa 00000000 00000000
    00004f20: 00000006 00000000 00000000 00000000 00000000 00000000
    00004f3c: 00000000 00000000 0000000f 00007f9f 88086008 00000000 00000000
    00004f80: 00000000 00000000 00000000 00000000 00000000 00000000 00000000 00000000
    00004fa0: 00000000 00000000
  SDMA Engine 0, RLC 1
    00005000: 88060025 ca60c000 0000007f 00000000 00000000 00000000 00000000 00000000
    00005020: 00007fcb 7252e010 00000000 00000000 00000000 00000000 00000000 00000000
    00005040: 0000c3aa 00000000 00000000
    000050a0: 00000006 00000000 00000000 00000000 00000000 00000000
    000050bc: 00000000 00000000 0000000f 00007fcb 7252e008 00000000 00000000
    00005100: 00000000 00000000 00000000 00000000 00000000 00000000 00000000 00000000
    00005120: 00000000 00000000
  SDMA Engine 0, RLC 2
    00005180: 88060025 1ad98000 0000007f 00000000 00000000 00000000 00000000 00000000
    000051a0: 00007f1c c0fe2010 00000000 00000000 00000000 00000000 00000000 00000000
    000051c0: 0000c372 00000000 00000000
    00005220: 00000006 00000000 00000000 00000000 00000000 00000000
    0000523c: 00000000 00000000 000000af 00007f1c c0fe2008 00000000 00000000
    00005280: 00000000 00000000 00000000 00000000 00000000 00000000 00000000 00000000
    000052a0: 00000000 00000000
  SDMA Engine 0, RLC 3
    00005300: 88060025 97a52000 0000007f 00000000 00000000 00000000 00000000 00000000
    00005320: 00007f98 b6b00010 00000000 00000000 00000000 00000000 00000000 00000000
    00005340: 0000c3aa 00000000 00000000
    000053a0: 00000006 00000000 00000000 00000000 00000000 00000000
    000053bc: 00000000 00000000 000000af 00007f98 b6b00008 00000000 00000000
    00005400: 00000000 00000000 00000000 00000000 00000000 00000000 00000000 00000000
    00005420: 00000000 00000000
  SDMA Engine 0, RLC 4
    00005480: 88060025 bdba8000 0000007f 00000000 00000000 00000000 00000000 00000000
    000054a0: 00007fbe cfd18010 00000000 00000000 00000000 00000000 00000000 00000000
    000054c0: 0000c3aa 00000000 00000000
    00005520: 00000006 00000000 00000000 00000000 00000000 00000000
    0000553c: 00000000 00000000 0000000f 00007fbe cfd18008 00000000 00000000
    00005580: 00000000 00000000 00000000 00000000 00000000 00000000 00000000 00000000
    000055a0: 00000000 00000000
  SDMA Engine 0, RLC 5
    00005600: 88060025 1dd2a000 0000007f 00000000 00000000 00000000 00000000 00000000
    00005620: 00007f1e e9dce010 00000000 00000000 00000000 00000000 00000000 00000000
    00005640: 0000c3aa 00000000 00000000
    000056a0: 00000006 00000000 00000000 00000000 00000000 00000000
    000056bc: 00000000 00000000 0000000f 00007f1e e9dce008 00000000 00000000
    00005700: 00000000 00000000 00000000 00000000 00000000 00000000 00000000 00000000
    00005720: 00000000 00000000
  SDMA Engine 0, RLC 6
    00005780: 88061025 fdd52000 0000007e 00000064 00000000 00000064 00000000 00000000
    000057a0: 00007efe e8bf7010 00000000 00000000 00000000 00000000 00000000 00000000
    000057c0: 0000c3aa 00000009 50000000
    00005820: 00000006 00000000 00000000 00004800 00000000 00000000
    0000583c: 00000000 00000000 0000000f 00007efe e8bf7008 00000000 00000000
    00005880: 00000000 00000000 00000000 00000000 00000000 00000000 00000000 00000000
    000058a0: 00000000 00000000
  SDMA Engine 0, RLC 7
    00005900: 88060025 16bd4000 0000007f 00000000 00000000 00000000 00000000 00000000
    00005920: 00007f17 cecb8010 00000000 00000000 00000000 00000000 00000000 00000000
    00005940: 0000c3aa 00000000 00000000
    000059a0: 00000004 00000000 00000000 00000000 00000000 00000000
    000059bc: 00000000 00000000 0000000f 00007f17 cecb8008 00000000 00000000
    00005a00: 00000000 00000000 00000000 00000000 00000000 00000000 00000000 00000000
    00005a20: 00000000 00000000
  SDMA Engine 1, RLC 0
    00006680: 80840000 00000000 00000000 00000000 00000000 00000000 00000000 00403000
    000066a0: 00000000 00000000 00000100 00000000 00000000 00000000 00000000 00000000
    000066c0: 00000000 00000004 00000000
    00006720: 00000000 00000000 00000000 00000000 00000000 00000000
    0000673c: 00000000 00000000 0000000f 00000000 00000000 00004000 00000000
    00006780: 00000000 00000000 00000000 00000000 00000000 00000000 00000000 00000000
    000067a0: 00000000 00000000
  SDMA Engine 1, RLC 1
    00006800: 80840000 00000000 00000000 00000000 00000000 00000000 00000000 00403000
    00006820: 00000000 00000000 00000100 00000000 00000000 00000000 00000000 00000000
    00006840: 00000000 00000004 00000000
    000068a0: 00000000 00000000 00000000 00000000 00000000 00000000
    000068bc: 00000000 00000000 0000000f 00000000 00000000 00004000 00000000
    00006900: 00000000 00000000 00000000 00000000 00000000 00000000 00000000 00000000
    00006920: 00000000 00000000
  SDMA Engine 1, RLC 2
    00006980: 80840000 00000000 00000000 00000000 00000000 00000000 00000000 00403000
    000069a0: 00000000 00000000 00000100 00000000 00000000 00000000 00000000 00000000
    000069c0: 00000000 00000004 00000000
    00006a20: 00000000 00000000 00000000 00000000 00000000 00000000
    00006a3c: 00000000 00000000 0000000f 00000000 00000000 00004000 00000000
    00006a80: 00000000 00000000 00000000 00000000 00000000 00000000 00000000 00000000
    00006aa0: 00000000 00000000
  SDMA Engine 1, RLC 3
    00006b00: 80840000 00000000 00000000 00000000 00000000 00000000 00000000 00403000
    00006b20: 00000000 00000000 00000100 00000000 00000000 00000000 00000000 00000000
    00006b40: 00000000 00000004 00000000
    00006ba0: 00000000 00000000 00000000 00000000 00000000 00000000
    00006bbc: 00000000 00000000 0000000f 00000000 00000000 00004000 00000000
    00006c00: 00000000 00000000 00000000 00000000 00000000 00000000 00000000 00000000
    00006c20: 00000000 00000000
  SDMA Engine 1, RLC 4
    00006c80: 80840000 00000000 00000000 00000000 00000000 00000000 00000000 00403000
    00006ca0: 00000000 00000000 00000100 00000000 00000000 00000000 00000000 00000000
    00006cc0: 00000000 00000004 00000000
    00006d20: 00000000 00000000 00000000 00000000 00000000 00000000
    00006d3c: 00000000 00000000 0000000f 00000000 00000000 00004000 00000000
    00006d80: 00000000 00000000 00000000 00000000 00000000 00000000 00000000 00000000
    00006da0: 00000000 00000000
  SDMA Engine 1, RLC 5
    00006e00: 80840000 00000000 00000000 00000000 00000000 00000000 00000000 00403000
    00006e20: 00000000 00000000 00000100 00000000 00000000 00000000 00000000 00000000
    00006e40: 00000000 00000004 00000000
    00006ea0: 00000000 00000000 00000000 00000000 00000000 00000000
    00006ebc: 00000000 00000000 0000000f 00000000 00000000 00004000 00000000
    00006f00: 00000000 00000000 00000000 00000000 00000000 00000000 00000000 00000000
    00006f20: 00000000 00000000
  SDMA Engine 1, RLC 6
    00006f80: 80840000 00000000 00000000 00000000 00000000 00000000 00000000 00403000
    00006fa0: 00000000 00000000 00000100 00000000 00000000 00000000 00000000 00000000
    00006fc0: 00000000 00000004 00000000
    00007020: 00000000 00000000 00000000 00000000 00000000 00000000
    0000703c: 00000000 00000000 0000000f 00000000 00000000 00004000 00000000
    00007080: 00000000 00000000 00000000 00000000 00000000 00000000 00000000 00000000
    000070a0: 00000000 00000000
  SDMA Engine 1, RLC 7
    00007100: 80840000 00000000 00000000 00000000 00000000 00000000 00000000 00403000
    00007120: 00000000 00000000 00000100 00000000 00000000 00000000 00000000 00000000
    00007140: 00000000 00000004 00000000
    000071a0: 00000000 00000000 00000000 00000000 00000000 00000000
    000071bc: 00000000 00000000 0000000f 00000000 00000000 00004000 00000000
    00007200: 00000000 00000000 00000000 00000000 00000000 00000000 00000000 00000000
    00007220: 00000000 00000000
