Process 6628 PASID 6628:
  Compute queue on device 11d8
    00000000: c0310800 0000d024 00000200 00000001 00000001 00000000 00000000 00000000
    00000020: 00000200 00000001 00000001 00000001 00000000 62075ffa 0000017f 00000853
    00000040: 00000000 00000000 00000000 60af0081 000000cc 00000000 00000000 ffffffff
    00000060: ffffffff 00000000 ffffffff ffffffff 00000000 00000000 00000000 00000000
    00000080: 00000000 00000084 00000000 00000000 00000000 00000000 00000000 00000000
    000000a0: 00000000 00000000 ffffffff 00000000 00000000 00000000 00000000 00000000
    000000c0: 00000000 00000000 00000000 00000000 00000000 00000000 00000000 00000000
    000000e0: 00000000 00000000 00000000 00000000 00000000 00000000 00000000 00000000
    00000100: 00000000 00000000 80000000 00000000 21c14fac ac803180 00007f5c 00000000
    00000120: 00000000 00000000 00000000 00000000 00000000 00000000 00000000 00000000
    00000140: 00000000 00018c00 00000000 00000000 00000000 00000000 00000000 00000000
    00000160: 5460c93a 8000003c 5460cb26 0000003c 00000000 00000000 00000000 00000000
    00000180: 00000855 00000000 00000000 00000000 00000000 00000000 00000000 00000000
    000001a0: 00000000 00000000 00000000 00000000 00000000 00000000 00000000 00000000
    000001c0: 00000000 00000000 00000000 00000000 00000000 00000000 00000000 00000000
    000001e0: 00000000 00000000 00000000 00000000 00000000 00000000 00000000 00000000
    00000200: 01564800 00000000 00000001 00000808 40005301 00000001 00000000 00000111
    00000220: 60b02000 0000007f 00007ef0 0760a080 00007f62 0760a038 00007f62 e000400a
    00000240: 00000000 1808c511 00000000 00000000 00000000 00300000 00000000 00000000
    00000260: 00000000 00000000 00000000 00000000 00000000 00000000 00000000 00000000
    00000280: 40004040 00000000 00000100 00000000 00000000 62076060 0000007f 00000009
    000002a0: 40000378 03ff8378 00000000 a7200000 00007f5c 00000000 00004000 00004000
    000002c0: 00004000 00d4c000 00000000 00000000 00000378 00000001 00007ef0 00000000
    000002e0: 00000000 00000000 00000000 00000000 00000000 00000000 00000000 00000000
    00000300: 00000000 00000000 00000000 00000000 00000000 00000000 00000000 00000000
    00000320: 00000000 00000000 00000000 00000000 00000000 00000000 00000000 00000000
    00000340: 00000000 00000000 00000000 00000000 00000000 00000000 00000000 00000000
    00000360: 00000000 00000000 00000000 00000000 00000000 00000000 00000000 00000000
    00000380: 00000000 00000000 00000000 00000000 00000000 00000000 00000000 00000000
    000003a0: 00000000 00000000 00000000 00000000 00000000 00000000 00000000 00000000
    000003c0: 00000000 00000000 00000000 00000000 00000000 00000000 00000000 00000000
    000003e0: 00000000 00000000 00000000 00000000 00000000 00000000 00000000 00000000
    00000400: 00000000 00000000 00000000 00000000 00000000 00000000 00000000 00000000
    00000420: 00000000 00000000 00000000 00000000 00000000 00000000 00000000 00000000
    00000440: 00000000 00000000 00000000 00000000 00000000 00000000 00000000 00000000
    00000460: 00000000 00000000 00000000 00000000 00000000 00000000 00000000 00000000
    00000480: 00000000 00000000 00000000 00000000 00000000 00000000 00000000 00000000
    000004a0: 00000000 00000000 00000000 00000000 00000000 00000000 00000000 00000000
    000004c0: 00000000 00000000 00000000 00000000 00000000 00000000 00000000 00000000
    000004e0: 00000000 00000000 00000000 00000000 00000000 00000000 00000000 00000000
    00000500: 00000000 00000000 00000000 00000000 00000000 00000000 00000000 00000000
    00000520: 00000000 00000000 00000000 00000000 00000000 00000000 00000000 00000000
    00000540: 00000000 00000000 00000000 00000000 00000000 00000000 00000000 00000000
    00000560: 00000000 00000000 00000000 00000000 00000000 00000000 00000000 00000000
    00000580: 00000000 00000000 00000000 00000000 00000000 00000000 00000000 00000000
    000005a0: 00000000 00000000 00000000 00000000 00000000 00000000 00000000 00000000
    000005c0: 00000000 00000000 00000000 00000000 00000000 00000000 00000000 00000000
    000005e0: 00000000 00000000 00000000 00000000 00000000 00000000 00000000 00000000
    00000600: 00000000 00000000 00000000 00000000 00000000 00000000 00000000 00000000
    00000620: 00000000 00000000 00000000 00000000 00000000 00000000 00000000 00000000
    00000640: 00000000 00000000 00000000 00000000 00000000 00000000 00000000 00000000
    00000660: 00000000 00000000 00000000 00000000 00000000 00000000 00000000 00000000
    00000680: 00000000 00000000 00000000 00000000 00000000 00000000 00000000 00000000
    000006a0: 00000000 00000000 00000000 00000000 00000000 00000000 00000000 00000000
    000006c0: 00000000 00000000 00000000 00000000 00000000 00000000 00000000 00000000
    000006e0: 00000000 00000000 00000000 00000000 00000000 00000000 00000000 00000000
    00000700: 00000000 00000000 00000000 00000000 00000000 00000000 00000000 00000000
    00000720: 00000000 00000000 00000000 00000000 00000000 00000000 00000000 00000000
    00000740: 00000000 00000000 00000000 00000000 00000000 00000000 00000000 00000000
    00000760: 00000000 00000000 00000000 00000000 00000000 00000000 00000000 00000000
    00000780: 00000000 00000000 00000000 00000000 00000000 00000000 00000000 00000000
    000007a0: 00000000 00000000 00000000 00000000 00000000 00000000 00000000 00000000
    000007c0: 00000000 00000000 00000000 00000000 00000000 00000000 00000000 00000000
    000007e0: 00000000 00000000 00000000 00000000 00000000 00000000 00000000 00000000
  Compute queue on device 11d8
    00000000: c0310800 00005024 00001400 00000001 00000001 00000000 00000000 00000000
    00000020: 00000040 00000001 00000001 00000001 00000000 62075e61 0000017f 00000027
    00000040: 00000000 00000000 00000000 008c00c2 000000c4 00000000 00000000 ffffffff
    00000060: ffffffff 00000000 ffffffff ffffffff 00000000 00000000 00000000 00000000
    00000080: 00000000 0000075e 00000000 00000000 00000000 00000000 00000000 00000000
    000000a0: 00000000 00000000 ffffffff 00000000 00000000 00000000 00000000 00000000
    000000c0: 00000000 00000000 00000000 00000000 00000000 00000000 00000000 00000000
    000000e0: 00000000 00000000 00000000 00000000 00000000 00000000 00000000 00000000
    00000100: 00000000 075f4ae0 00007f62 00000000 00000000 00000000 00000000 00000000
    00000120: 00000000 00000000 00000000 00000000 00000000 00000000 00000000 00000000
    00000140: 00000000 00935800 00000000 00000000 00000000 00000000 00000000 00000000
    00000160: 54609132 8000003c 54609312 0000003c 00000000 00000000 00000000 00000000
    00000180: 000007a8 00000000 00000000 00000000 00000000 00000000 00000000 00000000
    000001a0: 00000000 00000000 00000000 00000000 00000000 00000000 00000000 00000000
    000001c0: 00000000 00000000 00000003 00000000 00000000 00000000 00000000 00000000
    000001e0: 00000000 00000000 00000000 00000000 00000000 00000000 00000000 00000000
    00000200: 01563e00 00000000 00000001 00000808 40005301 00000001 00000000 00000111
    00000220: 62076150 0000007f 000000b0 07617080 00007f62 07617038 00007f62 e0004002
    00000240: 00000000 1808c5c9 0760c000 00007f62 00000008 00300000 00000000 00000000
    00000260: 00000000 00000000 00000000 00000000 00000000 00000000 00000000 00000000
    00000280: 40004040 00000000 00000100 00000000 00000000 62076110 0000007f 00000009
    000002a0: 40000258 03ff8258 00000000 b0c00000 00007f60 00000000 00004000 00004000
    000002c0: 00004000 00d4c000 00000000 00000000 00000258 00000001 000074b0 00000000
    000002e0: 00000000 00000000 00000000 00000000 00000000 00000000 00000000 00000000
    00000300: 00000000 00000000 00000000 00000000 00000000 00000000 00000000 00000000
    00000320: 00000000 00000000 00000000 00000000 00000000 00000000 00000000 00000000
    00000340: 00000000 00000000 00000000 00000000 00000000 00000000 00000000 00000000
    00000360: 00000000 00000000 00000000 00000000 00000000 00000000 00000000 00000000
    00000380: 00000000 00000000 00000000 00000000 00000000 00000000 00000000 00000000
    000003a0: 00000000 00000000 00000000 00000000 00000000 00000000 00000000 00000000
    000003c0: 00000000 00000000 00000000 00000000 00000000 00000000 00000000 00000000
    000003e0: 00000000 00000000 00000000 00000000 00000000 00000000 00000000 00000000
    00000400: 00000000 00000000 00000000 00000000 00000000 00000000 00000000 00000000
    00000420: 00000000 00000000 00000000 00000000 00000000 00000000 00000000 00000000
    00000440: 00000000 00000000 00000000 00000000 00000000 00000000 00000000 00000000
    00000460: 00000000 00000000 00000000 00000000 00000000 00000000 00000000 00000000
    00000480: 00000000 00000000 00000000 00000000 00000000 00000000 00000000 00000000
    000004a0: 00000000 00000000 00000000 00000000 00000000 00000000 00000000 00000000
    000004c0: 00000000 00000000 00000000 00000000 00000000 00000000 00000000 00000000
    000004e0: 00000000 00000000 00000000 00000000 00000000 00000000 00000000 00000000
    00000500: 00000000 00000000 00000000 00000000 00000000 00000000 00000000 00000000
    00000520: 00000000 00000000 00000000 00000000 00000000 00000000 00000000 00000000
    00000540: 00000000 00000000 00000000 00000000 00000000 00000000 00000000 00000000
    00000560: 00000000 00000000 00000000 00000000 00000000 00000000 00000000 00000000
    00000580: 00000000 00000000 00000000 00000000 00000000 00000000 00000000 00000000
    000005a0: 00000000 00000000 00000000 00000000 00000000 00000000 00000000 00000000
    000005c0: 00000000 00000000 00000000 00000000 00000000 00000000 00000000 00000000
    000005e0: 00000000 00000000 00000000 00000000 00000000 00000000 00000000 00000000
    00000600: 00000000 00000000 00000000 00000000 00000000 00000000 00000000 00000000
    00000620: 00000000 00000000 00000000 00000000 00000000 00000000 00000000 00000000
    00000640: 00000000 00000000 00000000 00000000 00000000 00000000 00000000 00000000
    00000660: 00000000 00000000 00000000 00000000 00000000 00000000 00000000 00000000
    00000680: 00000000 00000000 00000000 00000000 00000000 00000000 00000000 00000000
    000006a0: 00000000 00000000 00000000 00000000 00000000 00000000 00000000 00000000
    000006c0: 00000000 00000000 00000000 00000000 00000000 00000000 00000000 00000000
    000006e0: 00000000 00000000 00000000 00000000 00000000 00000000 00000000 00000000
    00000700: 00000000 00000000 00000000 00000000 00000000 00000000 00000000 00000000
    00000720: 00000000 00000000 00000000 00000000 00000000 00000000 00000000 00000000
    00000740: 00000000 00000000 00000000 00000000 00000000 00000000 00000000 00000000
    00000760: 00000000 00000000 00000000 00000000 00000000 00000000 00000000 00000000
    00000780: 00000000 00000000 00000000 00000000 00000000 00000000 00000000 00000000
    000007a0: 00000000 00000000 00000000 00000000 00000000 00000000 00000000 00000000
    000007c0: 00000000 00000000 00000000 00000000 00000000 00000000 00000000 00000000
    000007e0: 00000000 00000000 00000000 00000000 00000000 00000000 00000000 00000000
