Process 2411 PASID 2411:
  Compute queue on device 11d8
    00000000: c0310800 0000d024 00000400 00000001 00000001 00000000 00000000 00000000
    00000020: 00000200 00000001 00000001 00000001 00000000 b61e4ffa 0000017f 00000590
    00000040: 00000000 00000000 00000000 60af0081 000000cc 00000000 00000000 ffffffff
    00000060: ffffffff 00000000 ffffffff ffffffff 00000000 00000000 00000000 00000000
    00000080: 00000000 00000076 00000000 00000000 00000000 00000000 00000000 00000000
    000000a0: 00000000 00000000 ffffffff 00000000 00000000 00000000 00000000 00000000
    000000c0: 00000000 00000000 00000000 00000000 00000000 00000000 00000000 00000000
    000000e0: 00000000 00000000 00000000 00000000 00000000 00000000 00000000 00000000
    00000100: 00000000 00000000 80000000 00000000 21c14fac c6401c80 00007fb0 00000000
    00000120: 00000000 00000000 00000000 00000000 00000000 00000000 00000000 00000000
    00000140: 00000000 00016400 00000000 00000000 00000000 00000000 00000000 00000000
    00000160: 47cf9c6e 80000009 47cfaf76 00000009 00000000 00000000 00000000 00000000
    00000180: 0000059e 00000000 00000000 00000000 00000000 00000000 00000000 00000000
    000001a0: 00000000 00000000 00000000 00000000 00000000 00000000 00000000 00000000
    000001c0: 00000000 00000000 00000000 00000000 00000000 00000000 00000000 00000000
    000001e0: 00000000 00000000 00000000 00000000 00000000 00000000 00000000 00000000
    00000200: 01564800 00000000 00000000 00000808 40005301 00000001 00000000 00000111
    00000220: b4cc2000 0000007f 000059e0 2203c080 00007fb6 2203c038 00007fb6 e000400a
    00000240: 00000000 1808c511 00000000 00000000 00000000 00300000 00000000 00000000
    00000260: 00000000 00000000 00000000 00000000 00000000 00000000 00000000 00000000
    00000280: 40004040 00000000 00000100 00000000 00000000 b6220380 0000007f 00000009
    000002a0: 400000f0 03ff80f0 00000000 c6600000 00007fb0 00000000 00004000 00004000
    000002c0: 00004000 00d4c000 00000000 00000000 000000f0 00000001 000059e0 00000000
    000002e0: 00000000 00000000 00000000 00000000 00000000 00000000 00000000 00000000
    00000300: 00000000 00000000 00000000 00000000 00000000 00000000 00000000 00000000
    00000320: 00000000 00000000 00000000 00000000 00000000 00000000 00000000 00000000
    00000340: 00000000 00000000 00000000 00000000 00000000 00000000 00000000 00000000
    00000360: 00000000 00000000 00000000 00000000 00000000 00000000 00000000 00000000
    00000380: 00000000 00000000 00000000 00000000 00000000 00000000 00000000 00000000
    000003a0: 00000000 00000000 00000000 00000000 00000000 00000000 00000000 00000000
    000003c0: 00000000 00000000 00000000 00000000 00000000 00000000 00000000 00000000
    000003e0: 00000000 00000000 00000000 00000000 00000000 00000000 00000000 00000000
    00000400: 00000000 00000000 00000000 00000000 00000000 00000000 00000000 00000000
    00000420: 00000000 00000000 00000000 00000000 00000000 00000000 00000000 00000000
    00000440: 00000000 00000000 00000000 00000000 00000000 00000000 00000000 00000000
    00000460: 00000000 00000000 00000000 00000000 00000000 00000000 00000000 00000000
    00000480: 00000000 00000000 00000000 00000000 00000000 00000000 00000000 00000000
    000004a0: 00000000 00000000 00000000 00000000 00000000 00000000 00000000 00000000
    000004c0: 00000000 00000000 00000000 00000000 00000000 00000000 00000000 00000000
    000004e0: 00000000 00000000 00000000 00000000 00000000 00000000 00000000 00000000
    00000500: 00000000 00000000 00000000 00000000 00000000 00000000 00000000 00000000
    00000520: 00000000 00000000 00000000 00000000 00000000 00000000 00000000 00000000
    00000540: 00000000 00000000 00000000 00000000 00000000 00000000 00000000 00000000
    00000560: 00000000 00000000 00000000 00000000 00000000 00000000 00000000 00000000
    00000580: 00000000 00000000 00000000 00000000 00000000 00000000 00000000 00000000
    000005a0: 00000000 00000000 00000000 00000000 00000000 00000000 00000000 00000000
    000005c0: 00000000 00000000 00000000 00000000 00000000 00000000 00000000 00000000
    000005e0: 00000000 00000000 00000000 00000000 00000000 00000000 00000000 00000000
    00000600: 00000000 00000000 00000000 00000000 00000000 00000000 00000000 00000000
    00000620: 00000000 00000000 00000000 00000000 00000000 00000000 00000000 00000000
    00000640: 00000000 00000000 00000000 00000000 00000000 00000000 00000000 00000000
    00000660: 00000000 00000000 00000000 00000000 00000000 00000000 00000000 00000000
    00000680: 00000000 00000000 00000000 00000000 00000000 00000000 00000000 00000000
    000006a0: 00000000 00000000 00000000 00000000 00000000 00000000 00000000 00000000
    000006c0: 00000000 00000000 00000000 00000000 00000000 00000000 00000000 00000000
    000006e0: 00000000 00000000 00000000 00000000 00000000 00000000 00000000 00000000
    00000700: 00000000 00000000 00000000 00000000 00000000 00000000 00000000 00000000
    00000720: 00000000 00000000 00000000 00000000 00000000 00000000 00000000 00000000
    00000740: 00000000 00000000 00000000 00000000 00000000 00000000 00000000 00000000
    00000760: 00000000 00000000 00000000 00000000 00000000 00000000 00000000 00000000
    00000780: 00000000 00000000 00000000 00000000 00000000 00000000 00000000 00000000
    000007a0: 00000000 00000000 00000000 00000000 00000000 00000000 00000000 00000000
    000007c0: 00000000 00000000 00000000 00000000 00000000 00000000 00000000 00000000
    000007e0: 00000000 00000000 00000000 00000000 00000000 00000000 00000000 00000000
  Compute queue on device 11d8
    00000000: c0310800 00005024 00001400 00000001 00000001 00000000 00000000 00000000
    00000020: 00000040 00000001 00000001 00000001 00000000 b6220301 0000017f 00000039
    00000040: 00000000 00000000 00000000 008c00c2 000000c4 00000000 00000000 ffffffff
    00000060: ffffffff 00000000 ffffffff ffffffff 00000000 00000000 00000000 00000000
    00000080: 00000000 000004e2 00000000 00000000 00000000 00000000 00000000 00000000
    000000a0: 00000000 00000000 ffffffff 00000000 00000000 00000000 00000000 00000000
    000000c0: 00000000 00000000 00000000 00000000 00000000 00000000 00000000 00000000
    000000e0: 00000000 00000000 00000000 00000000 00000000 00000000 00000000 00000000
    00000100: 00000000 22032c60 00007fb6 00000000 00000000 00000000 00000000 00000000
    00000120: 00000000 00000000 00000000 00000000 00000000 00000000 00000000 00000000
    00000140: 00000000 0061a800 00000000 00000000 00000000 00000000 00000000 00000000
    00000160: 47cf97da 80000009 47cf99be 00000009 00000000 00000000 00000000 00000000
    00000180: 000004fa 00000000 00000000 00000000 00000000 00000000 00000000 00000000
    000001a0: 00000000 00000000 00000000 00000000 00000000 00000000 00000000 00000000
    000001c0: 00000000 00000000 00000003 00000000 00000000 00000000 00000000 00000000
    000001e0: 00000000 00000000 00000000 00000000 00000000 00000000 00000000 00000000
    00000200: 01563e00 00000000 00000000 00000808 40005301 00000001 00000000 00000111
    00000220: b6220480 0000007f 000003a0 2204a080 00007fb6 2204a038 00007fb6 e0004002
    00000240: 00000000 1808c5c9 2203e000 00007fb6 00000008 00300000 00000000 00000000
    00000260: 00000000 00000000 00000000 00000000 00000000 00000000 00000000 00000000
    00000280: 40004040 00000000 00000100 00000000 00000000 b6220440 0000007f 00000009
    000002a0: 400003d0 03ff83d0 00000000 c7c00000 00007fb0 00000000 00004000 00004000
    000002c0: 00004000 00d4c000 00000000 00000000 000003d0 00000001 00004fa0 00000000
    000002e0: 00000000 00000000 00000000 00000000 00000000 00000000 00000000 00000000
    00000300: 00000000 00000000 00000000 00000000 00000000 00000000 00000000 00000000
    00000320: 00000000 00000000 00000000 00000000 00000000 00000000 00000000 00000000
    00000340: 00000000 00000000 00000000 00000000 00000000 00000000 00000000 00000000
    00000360: 00000000 00000000 00000000 00000000 00000000 00000000 00000000 00000000
    00000380: 00000000 00000000 00000000 00000000 00000000 00000000 00000000 00000000
    000003a0: 00000000 00000000 00000000 00000000 00000000 00000000 00000000 00000000
    000003c0: 00000000 00000000 00000000 00000000 00000000 00000000 00000000 00000000
    000003e0: 00000000 00000000 00000000 00000000 00000000 00000000 00000000 00000000
    00000400: 00000000 00000000 00000000 00000000 00000000 00000000 00000000 00000000
    00000420: 00000000 00000000 00000000 00000000 00000000 00000000 00000000 00000000
    00000440: 00000000 00000000 00000000 00000000 00000000 00000000 00000000 00000000
    00000460: 00000000 00000000 00000000 00000000 00000000 00000000 00000000 00000000
    00000480: 00000000 00000000 00000000 00000000 00000000 00000000 00000000 00000000
    000004a0: 00000000 00000000 00000000 00000000 00000000 00000000 00000000 00000000
    000004c0: 00000000 00000000 00000000 00000000 00000000 00000000 00000000 00000000
    000004e0: 00000000 00000000 00000000 00000000 00000000 00000000 00000000 00000000
    00000500: 00000000 00000000 00000000 00000000 00000000 00000000 00000000 00000000
    00000520: 00000000 00000000 00000000 00000000 00000000 00000000 00000000 00000000
    00000540: 00000000 00000000 00000000 00000000 00000000 00000000 00000000 00000000
    00000560: 00000000 00000000 00000000 00000000 00000000 00000000 00000000 00000000
    00000580: 00000000 00000000 00000000 00000000 00000000 00000000 00000000 00000000
    000005a0: 00000000 00000000 00000000 00000000 00000000 00000000 00000000 00000000
    000005c0: 00000000 00000000 00000000 00000000 00000000 00000000 00000000 00000000
    000005e0: 00000000 00000000 00000000 00000000 00000000 00000000 00000000 00000000
    00000600: 00000000 00000000 00000000 00000000 00000000 00000000 00000000 00000000
    00000620: 00000000 00000000 00000000 00000000 00000000 00000000 00000000 00000000
    00000640: 00000000 00000000 00000000 00000000 00000000 00000000 00000000 00000000
    00000660: 00000000 00000000 00000000 00000000 00000000 00000000 00000000 00000000
    00000680: 00000000 00000000 00000000 00000000 00000000 00000000 00000000 00000000
    000006a0: 00000000 00000000 00000000 00000000 00000000 00000000 00000000 00000000
    000006c0: 00000000 00000000 00000000 00000000 00000000 00000000 00000000 00000000
    000006e0: 00000000 00000000 00000000 00000000 00000000 00000000 00000000 00000000
    00000700: 00000000 00000000 00000000 00000000 00000000 00000000 00000000 00000000
    00000720: 00000000 00000000 00000000 00000000 00000000 00000000 00000000 00000000
    00000740: 00000000 00000000 00000000 00000000 00000000 00000000 00000000 00000000
    00000760: 00000000 00000000 00000000 00000000 00000000 00000000 00000000 00000000
    00000780: 00000000 00000000 00000000 00000000 00000000 00000000 00000000 00000000
    000007a0: 00000000 00000000 00000000 00000000 00000000 00000000 00000000 00000000
    000007c0: 00000000 00000000 00000000 00000000 00000000 00000000 00000000 00000000
    000007e0: 00000000 00000000 00000000 00000000 00000000 00000000 00000000 00000000
