1787263209 654 14541
1787263211 874 14322
1787263213 992 14204
1787263215 1000 14195
1787263217 983 14212
1787263219 970 14225
1787263221 955 14240
1787263223 950 14245
1787263225 952 14244
1787263227 5773 9422
1787263229 8777 6418
1787263231 8799 6396
1787263233 8791 6404
1787263235 8791 6405
1787263237 8743 6452
1787263240 8664 6531
1787263242 8696 6499
1787263244 8685 6510
1787263246 8676 6520
1787263248 8640 6555
1787263250 11348 3848
1787263252 11522 3673
1787263254 11522 3673
1787263256 11523 3672
1787263258 11523 3672
1787263260 11532 3663
1787263262 11527 3668
1787263264 11523 3673
1787263266 11515 3680
1787263268 11510 3686
1787263270 11505 3690
1787263272 11504 3691
1787263274 11503 3693
1787263276 11501 3694
1787263278 11500 3695
1787263280 11500 3695
1787263282 11499 3696
1787263284 11499 3696
1787263286 11497 3699
1787263288 11496 3699
1787263290 11496 3700
1787263292 11496 3699
1787263294 11496 3699
1787263296 11496 3699
1787263298 11496 3700
1787263300 11501 3694
1787263302 11502 3694
1787263304 11502 3694
1787263306 11502 3694
1787263308 11502 3694
1787263310 11501 3694
1787263312 11500 3695
1787263314 11500 3695
1787263316 11501 3695
1787263318 11499 3696
1787263320 11509 3687
1787263322 11506 3690
1787263324 11504 3691
1787263326 11503 3692
1787263328 11502 3694
1787263330 11502 3693
1787263332 11502 3694
1787263334 11501 3695
1787263336 11500 3695
1787263338 11500 3696
1787263340 11499 3696
1787263342 11499 3696
1787263344 11499 3696
1787263346 11499 3696
1787263348 11499 3697
1787263350 11500 3695
1787263352 11500 3695
1787263354 11500 3696
1787263356 11499 3696
1787263358 11499 3696
1787263360 11499 3696
1787263362 11499 3696
1787263364 11499 3696
1787263366 11499 3696
1787263368 11499 3697
1787263370 11500 3695
1787263372 11506 3689
1787263374 11505 3691
1787263376 11503 3692
1787263378 11502 3694
1787263380 11505 3690
1787263382 11505 3691
1787263384 11503 3692
1787263387 11502 3694
1787263389 11501 3695
1787263391 11500 3695
1787263393 11499 3696
1787263395 11498 3697
1787263397 11498 3697
1787263399 11498 3697
1787263401 11498 3698
1787263403 11497 3698
1787263405 11497 3698
1787263407 11497 3698
1787263409 11497 3698
1787263411 11497 3699
1787263413 11496 3699
1787263415 11496 3699
1787263417 11496 3699
1787263419 11496 3699
1787263421 11497 3699
1787263423 11497 3699
1787263425 11497 3699
1787263427 11497 3699
1787263429 11497 3699
1787263431 11497 3699
1787263433 11497 3699
1787263435 11496 3700
1787263437 11496 3699
1787263439 11496 3699
1787263441 11509 3687
1787263443 11507 3689
1787263445 11505 3690
1787263447 11497 3698
1787263449 11496 3699
1787263451 11496 3699
1787263453 11495 3700
1787263455 11495 3701
1787263457 11494 3701
1787263459 11493 3702
1787263461 11494 3702
1787263463 11494 3702
1787263465 11494 3702
1787263467 11494 3701
1787263469 11496 3700
1787263471 11496 3700
1787263473 11496 3700
1787263475 11496 3700
1787263477 11496 3700
1787263479 3259 11936
