1787262931 595 14600
1787262933 1007 14189
1787262935 926 14270
1787262937 3280 11916
1787262939 9409 5786
1787262941 9367 5829
1787262943 9358 5838
1787262945 9346 5849
1787262947 9350 5846
1787262949 9353 5842
1787262951 12212 2984
1787262953 12219 2976
1787262955 12220 2975
1787262957 12220 2975
1787262959 12220 2975
1787262961 12236 2959
1787262963 12234 2961
1787262965 12233 2962
1787262967 12233 2962
1787262969 12233 2962
1787262971 12233 2962
1787262973 12232 2963
1787262975 12232 2963
1787262977 12232 2963
1787262979 12233 2963
1787262981 12233 2962
1787262983 12232 2963
1787262985 12232 2963
1787262987 12232 2963
1787262989 12232 2963
1787262991 12233 2963
1787262993 12233 2963
1787262995 12233 2963
1787262997 12233 2963
1787262999 12232 2963
1787263001 12232 2963
1787263003 12232 2963
1787263005 12232 2963
1787263007 12232 2963
1787263009 12232 2963
1787263011 12233 2963
1787263013 12233 2963
1787263015 12233 2963
1787263017 12233 2963
1787263019 12233 2963
1787263021 12237 2958
1787263023 12237 2959
1787263025 12236 2959
1787263027 12235 2960
1787263029 12235 2960
1787263031 12235 2961
1787263033 12235 2961
1787263035 12235 2961
1787263037 12235 2960
1787263039 12235 2961
1787263041 12235 2961
1787263043 12235 2960
1787263045 12235 2961
1787263047 12238 2957
1787263049 12238 2957
1787263051 12238 2957
1787263053 12238 2957
1787263055 12239 2957
1787263057 12239 2957
1787263059 12239 2957
1787263061 12239 2957
1787263063 12239 2956
1787263065 12239 2956
1787263067 12239 2956
1787263069 12240 2956
1787263071 12240 2956
1787263073 12239 2956
1787263075 12239 2956
1787263077 12240 2956
1787263079 12240 2956
1787263081 12249 2946
1787263083 12249 2946
1787263085 12248 2947
1787263087 12246 2949
1787263089 12245 2950
1787263091 12245 2951
1787263093 12244 2951
1787263095 12245 2951
1787263097 12245 2951
1787263099 12244 2951
1787263101 12244 2951
1787263103 12244 2951
1787263105 12244 2951
1787263107 12244 2951
1787263109 12244 2951
1787263111 12244 2951
1787263113 12244 2951
1787263115 12244 2951
1787263117 12244 2951
1787263119 12244 2951
1787263121 12245 2951
1787263123 12245 2950
1787263125 12245 2950
1787263127 12245 2950
1787263129 12245 2950
1787263131 12245 2950
1787263133 12245 2950
1787263135 12244 2951
1787263137 12244 2951
1787263139 12244 2951
1787263141 12252 2944
1787263143 12251 2945
1787263145 12250 2946
1787263147 12248 2948
1787263149 12247 2948
1787263151 12247 2949
1787263153 12247 2949
1787263155 12247 2948
1787263157 12247 2948
1787263159 12247 2948
1787263161 12247 2948
1787263163 12246 2949
1787263165 12246 2949
1787263167 12247 2949
1787263169 12247 2949
1787263171 12246 2949
1787263173 12246 2949
1787263175 14252 943
1787263177 14594 601
1787263179 14505 691
1787263181 14501 694
1787263183 14521 674
1787263185 14523 673
1787263187 14538 658
1787263189 14529 666
1787263191 14522 674
1787263193 14524 672
1787263195 14525 670
