Process 3713254 PASID 3713254:
  Compute queue on device 11d8
    00000000: c0310800 0000d024 00000100 00000001 00000001 00000000 00000000 00000000
    00000020: 00000100 00000001 00000001 00000001 00000000 778ba5f2 0000017f 00000374
    00000040: 00000000 00000000 00000000 60af00c1 000000cc 00000000 00000000 ffffffff
    00000060: ffffffff 00000000 ffffffff ffffffff 00000000 00000000 00000000 00000000
    00000080: 00000001 00000219 00000000 00000000 00000000 00000000 00000000 00000000
    000000a0: 00000000 00000000 ffffffff 00000000 00000000 00000000 00000000 00000000
    000000c0: 00000000 00000000 00000000 00000000 00000000 00000000 00000000 00000000
    000000e0: 00000000 00000000 00000000 00000000 00000000 00000000 00000000 00000000
    00000100: 00000000 00000000 80000000 00000000 21c14fac 33664900 00007f76 00000000
    00000120: 00000000 00000000 00000000 00000000 00000000 00000000 00000000 00000000
    00000140: 00000000 00021900 00000000 00000000 00000000 00000000 00000000 00000000
    00000160: 1ee89438 800021f8 1ee89670 000021f8 00000000 00000000 00000000 00000000
    00000180: 00000376 00000000 00000000 00000000 00000000 00000000 00000000 00000000
    000001a0: 00000000 00000000 00000000 00000000 00000000 00000000 00000000 00000000
    000001c0: 00000000 00000000 00000000 00000000 00000000 00000000 00000000 00000000
    000001e0: 00000000 00000000 00000000 00000000 00000000 00000000 00000000 00000000
    00000200: 01566800 00000000 00000001 00000808 40005301 00000001 00000000 00000111
    00000220: 76338000 0000007f 00003520 8b9f5080 00007f77 8b9f5038 00007f77 e000601a
    00000240: 00000000 1808c511 00000000 00000000 00000000 00300000 00000000 00000000
    00000260: 00000000 00000000 00000000 00000000 00000000 00000000 00000000 00000000
    00000280: 40004040 00000000 00000100 00000000 00000000 778b9d60 0000007f 00000009
    000002a0: 40000290 03ff8290 00000000 2b200000 00007f76 00000000 00004000 00004000
    000002c0: 00004000 00d4c000 00000000 00000000 00000290 00000001 00003520 00000000
    000002e0: 00000000 00000000 00000000 00000000 00000000 00000000 00000000 00000000
    00000300: 00000000 00000000 00000000 00000000 00000000 00000000 00000000 00000000
    00000320: 00000000 00000000 00000000 00000000 00000000 00000000 00000000 00000000
    00000340: 00000000 00000000 00000000 00000000 00000000 00000000 00000000 00000000
    00000360: 00000000 00000000 00000000 00000000 00000000 00000000 00000000 00000000
    00000380: 00000000 00000000 00000000 00000000 00000000 00000000 00000000 00000000
    000003a0: 00000000 00000000 00000000 00000000 00000000 00000000 00000000 00000000
    000003c0: 00000000 00000000 00000000 00000000 00000000 00000000 00000000 00000000
    000003e0: 00000000 00000000 00000000 00000000 00000000 00000000 00000000 00000000
    00000400: 00000000 00000000 00000000 00000000 00000000 00000000 00000000 00000000
    00000420: 00000000 00000000 00000000 00000000 00000000 00000000 00000000 00000000
    00000440: 00000000 00000000 00000000 00000000 00000000 00000000 00000000 00000000
    00000460: 00000000 00000000 00000000 00000000 00000000 00000000 00000000 00000000
    00000480: 00000000 00000000 00000000 00000000 00000000 00000000 00000000 00000000
    000004a0: 00000000 00000000 00000000 00000000 00000000 00000000 00000000 00000000
    000004c0: 00000000 00000000 00000000 00000000 00000000 00000000 00000000 00000000
    000004e0: 00000000 00000000 00000000 00000000 00000000 00000000 00000000 00000000
    00000500: 00000000 00000000 00000000 00000000 00000000 00000000 00000000 00000000
    00000520: 00000000 00000000 00000000 00000000 00000000 00000000 00000000 00000000
    00000540: 00000000 00000000 00000000 00000000 00000000 00000000 00000000 00000000
    00000560: 00000000 00000000 00000000 00000000 00000000 00000000 00000000 00000000
    00000580: 00000000 00000000 00000000 00000000 00000000 00000000 00000000 00000000
    000005a0: 00000000 00000000 00000000 00000000 00000000 00000000 00000000 00000000
    000005c0: 00000000 00000000 00000000 00000000 00000000 00000000 00000000 00000000
    000005e0: 00000000 00000000 00000000 00000000 00000000 00000000 00000000 00000000
    00000600: 00000000 00000000 00000000 00000000 00000000 00000000 00000000 00000000
    00000620: 00000000 00000000 00000000 00000000 00000000 00000000 00000000 00000000
    00000640: 00000000 00000000 00000000 00000000 00000000 00000000 00000000 00000000
    00000660: 00000000 00000000 00000000 00000000 00000000 00000000 00000000 00000000
    00000680: 00000000 00000000 00000000 00000000 00000000 00000000 00000000 00000000
    000006a0: 00000000 00000000 00000000 00000000 00000000 00000000 00000000 00000000
    000006c0: 00000000 00000000 00000000 00000000 00000000 00000000 00000000 00000000
    000006e0: 00000000 00000000 00000000 00000000 00000000 00000000 00000000 00000000
    00000700: 00000000 00000000 00000000 00000000 00000000 00000000 00000000 00000000
    00000720: 00000000 00000000 00000000 00000000 00000000 00000000 00000000 00000000
    00000740: 00000000 00000000 00000000 00000000 00000000 00000000 00000000 00000000
    00000760: 00000000 00000000 00000000 00000000 00000000 00000000 00000000 00000000
    00000780: 00000000 00000000 00000000 00000000 00000000 00000000 00000000 00000000
    000007a0: 00000000 00000000 00000000 00000000 00000000 00000000 00000000 00000000
    000007c0: 00000000 00000000 00000000 00000000 00000000 00000000 00000000 00000000
    000007e0: 00000000 00000000 00000000 00000000 00000000 00000000 00000000 00000000
  Compute queue on device 11d8
    00000000: c0310800 0000d024 00000020 00000008 0000000c 00000000 00000000 00000000
    00000020: 00000020 00000008 00000001 00000001 00000000 76441688 0000017f 000006d5
    00000040: 00000000 00000000 00000000 60af0113 00180bcc 00000000 00000000 ffffffff
    00000060: ffffffff 00009500 ffffffff ffffffff 00000000 00000000 00000000 00000000
    00000080: 00000000 00000493 00000000 00000000 00000000 00000000 00000000 00000000
    000000a0: 00000000 00000000 ffffffff 00000000 00000000 00000000 00000000 00000000
    000000c0: 00000000 00000000 00000000 00000000 00000000 00000000 00000000 00000000
    000000e0: 00000000 00000000 00000000 00000000 00000000 00000000 00000000 00000000
    00000100: 00000000 4db40000 80007f76 00b40000 21c14fac 34461d00 00007f76 3445a000
    00000120: 00007f76 4db40000 00007f76 00000000 00000000 00000000 00000000 00000000
    00000140: 00000000 030dd100 00000000 00000000 00000000 00000000 00000000 00000000
    00000160: 1ee67534 800021f8 1ee67d58 000021f8 00000000 00000000 00000000 00000000
    00000180: 000006d7 00000000 00000000 00000000 00000000 00000000 00000000 00000000
    000001a0: 00000000 00000000 00000000 00000000 00000000 00000000 00000000 00000000
    000001c0: 00000000 00000000 00000000 00000000 00000000 00000000 00000000 00000000
    000001e0: 00000000 00000000 00000000 00000000 00000000 00000000 00000000 00000000
    00000200: 01566000 00000000 00000001 00000808 40005301 00000001 00000000 00000111
    00000220: 76354000 0000007f 00006a40 8ba68080 00007f77 8ba68038 00007f77 e0006012
    00000240: 00000000 1808c511 00000000 00000000 00000000 00300000 08100100 00000000
    00000260: 00000000 00000000 00000000 00000000 00000000 00000000 00000000 00000000
    00000280: 40004040 00000000 00000100 00000000 00000000 778ba640 0000007f 00000009
    000002a0: 40000130 03ff8130 00000000 34600000 00007f76 00000000 00004000 00004000
    000002c0: 00004000 00d4c000 00000000 00000000 00000130 00000001 00006a40 00000000
    000002e0: 00000000 00000000 00000000 00000000 00000000 00000000 00000000 00000000
    00000300: 00000000 00000000 00000000 00000000 00000000 00000000 00000000 00000000
    00000320: 00000000 00000000 00000000 00000000 00000000 00000000 00000000 00000000
    00000340: 00000000 00000000 00000000 00000000 00000000 00000000 00000000 00000000
    00000360: 00000000 00000000 00000000 00000000 00000000 00000000 00000000 00000000
    00000380: 00000000 00000000 00000000 00000000 00000000 00000000 00000000 00000000
    000003a0: 00000000 00000000 00000000 00000000 00000000 00000000 00000000 00000000
    000003c0: 00000000 00000000 00000000 00000000 00000000 00000000 00000000 00000000
    000003e0: 00000000 00000000 00000000 00000000 00000000 00000000 00000000 00000000
    00000400: 00000000 00000000 00000000 00000000 00000000 00000000 00000000 00000000
    00000420: 00000000 00000000 00000000 00000000 00000000 00000000 00000000 00000000
    00000440: 00000000 00000000 00000000 00000000 00000000 00000000 00000000 00000000
    00000460: 00000000 00000000 00000000 00000000 00000000 00000000 00000000 00000000
    00000480: 00000000 00000000 00000000 00000000 00000000 00000000 00000000 00000000
    000004a0: 00000000 00000000 00000000 00000000 00000000 00000000 00000000 00000000
    000004c0: 00000000 00000000 00000000 00000000 00000000 00000000 00000000 00000000
    000004e0: 00000000 00000000 00000000 00000000 00000000 00000000 00000000 00000000
    00000500: 00000000 00000000 00000000 00000000 00000000 00000000 00000000 00000000
    00000520: 00000000 00000000 00000000 00000000 00000000 00000000 00000000 00000000
    00000540: 00000000 00000000 00000000 00000000 00000000 00000000 00000000 00000000
    00000560: 00000000 00000000 00000000 00000000 00000000 00000000 00000000 00000000
    00000580: 00000000 00000000 00000000 00000000 00000000 00000000 00000000 00000000
    000005a0: 00000000 00000000 00000000 00000000 00000000 00000000 00000000 00000000
    000005c0: 00000000 00000000 00000000 00000000 00000000 00000000 00000000 00000000
    000005e0: 00000000 00000000 00000000 00000000 00000000 00000000 00000000 00000000
    00000600: 00000000 00000000 00000000 00000000 00000000 00000000 00000000 00000000
    00000620: 00000000 00000000 00000000 00000000 00000000 00000000 00000000 00000000
    00000640: 00000000 00000000 00000000 00000000 00000000 00000000 00000000 00000000
    00000660: 00000000 00000000 00000000 00000000 00000000 00000000 00000000 00000000
    00000680: 00000000 00000000 00000000 00000000 00000000 00000000 00000000 00000000
    000006a0: 00000000 00000000 00000000 00000000 00000000 00000000 00000000 00000000
    000006c0: 00000000 00000000 00000000 00000000 00000000 00000000 00000000 00000000
    000006e0: 00000000 00000000 00000000 00000000 00000000 00000000 00000000 00000000
    00000700: 00000000 00000000 00000000 00000000 00000000 00000000 00000000 00000000
    00000720: 00000000 00000000 00000000 00000000 00000000 00000000 00000000 00000000
    00000740: 00000000 00000000 00000000 00000000 00000000 00000000 00000000 00000000
    00000760: 00000000 00000000 00000000 00000000 00000000 00000000 00000000 00000000
    00000780: 00000000 00000000 00000000 00000000 00000000 00000000 00000000 00000000
    000007a0: 00000000 00000000 00000000 00000000 00000000 00000000 00000000 00000000
    000007c0: 00000000 00000000 00000000 00000000 00000000 00000000 00000000 00000000
    000007e0: 00000000 00000000 00000000 00000000 00000000 00000000 00000000 00000000
  Compute queue on device 11d8
    00000000: c0310800 0000d024 00000200 00000001 00000001 00000000 00000000 00000000
    00000020: 00000200 00000001 00000001 00000001 00000000 778ba5fa 0000017f 00002b85
    00000040: 00000000 00000000 00000000 60af0081 000000cc 00000000 00000000 ffffffff
    00000060: ffffffff 00000000 ffffffff ffffffff 00000000 00000000 00000000 00000000
    00000080: 00000000 000033d8 00000000 00000000 00000000 00000000 00000000 00000000
    000000a0: 00000000 00000000 ffffffff 00000000 00000000 00000000 00000000 00000000
    000000c0: 00000000 00000000 00000000 00000000 00000000 00000000 00000000 00000000
    000000e0: 00000000 00000000 00000000 00000000 00000000 00000000 00000000 00000000
    00000100: 00000000 00000000 80000000 00000000 21c14fac 35c01380 00007f76 00000000
    00000120: 00000000 00000000 00000000 00000000 00000000 00000000 00000000 00000000
    00000140: 00000000 006a4000 00000000 00000000 00000000 00000000 00000000 00000000
    00000160: 1ee95794 800021f8 1ee959c8 000021f8 00000000 00000000 00000000 00000000
    00000180: 00006b87 00000000 00000000 00000000 00000000 00000000 00000000 00000000
    000001a0: 00000000 00000000 00000000 00000000 00000000 00000000 00000000 00000000
    000001c0: 00000000 00000000 00000000 00000000 00000000 00000000 00000000 00000000
    000001e0: 00000000 00000000 00000000 00000000 00000000 00000000 00000000 00000000
    00000200: 01565800 00000000 00000001 00000808 40005301 00000001 00000000 80000111
    00000220: 76442000 0000007f 00028850 8ba70080 00007f77 8ba70038 00007f77 e000600a
    00000240: 00000000 1808c5d1 00000000 00000000 00000000 00300000 00000000 00000000
    00000260: 00000000 00000000 00000000 00000000 00000000 00000000 00000000 00000000
    00000280: 40004040 00000000 00000100 00000000 00000000 778ba6c0 0000007f 00000009
    000002a0: 40000028 03ff8028 00000000 35e00000 00007f76 00000000 00004000 00004000
    000002c0: 00004000 00d4c000 00000000 00000000 00000028 00000001 00068850 00000000
    000002e0: 00000000 00000000 00000000 00000000 00000000 00000000 00000000 00000000
    00000300: 00000000 00000000 00000000 00000000 00000000 00000000 00000000 00000000
    00000320: 00000000 00000000 00000000 00000000 00000000 00000000 00000000 00000000
    00000340: 00000000 00000000 00000000 00000000 00000000 00000000 00000000 00000000
    00000360: 00000000 00000000 00000000 00000000 00000000 00000000 00000000 00000000
    00000380: 00000000 00000000 00000000 00000000 00000000 00000000 00000000 00000000
    000003a0: 00000000 00000000 00000000 00000000 00000000 00000000 00000000 00000000
    000003c0: 00000000 00000000 00000000 00000000 00000000 00000000 00000000 00000000
    000003e0: 00000000 00000000 00000000 00000000 00000000 00000000 00000000 00000000
    00000400: 00000000 00000000 00000000 00000000 00000000 00000000 00000000 00000000
    00000420: 00000000 00000000 00000000 00000000 00000000 00000000 00000000 00000000
    00000440: 00000000 00000000 00000000 00000000 00000000 00000000 00000000 00000000
    00000460: 00000000 00000000 00000000 00000000 00000000 00000000 00000000 00000000
    00000480: 00000000 00000000 00000000 00000000 00000000 00000000 00000000 00000000
    000004a0: 00000000 00000000 00000000 00000000 00000000 00000000 00000000 00000000
    000004c0: 00000000 00000000 00000000 00000000 00000000 00000000 00000000 00000000
    000004e0: 00000000 00000000 00000000 00000000 00000000 00000000 00000000 00000000
    00000500: 00000000 00000000 00000000 00000000 00000000 00000000 00000000 00000000
    00000520: 00000000 00000000 00000000 00000000 00000000 00000000 00000000 00000000
    00000540: 00000000 00000000 00000000 00000000 00000000 00000000 00000000 00000000
    00000560: 00000000 00000000 00000000 00000000 00000000 00000000 00000000 00000000
    00000580: 00000000 00000000 00000000 00000000 00000000 00000000 00000000 00000000
    000005a0: 00000000 00000000 00000000 00000000 00000000 00000000 00000000 00000000
    000005c0: 00000000 00000000 00000000 00000000 00000000 00000000 00000000 00000000
    000005e0: 00000000 00000000 00000000 00000000 00000000 00000000 00000000 00000000
    00000600: 00000000 00000000 00000000 00000000 00000000 00000000 00000000 00000000
    00000620: 00000000 00000000 00000000 00000000 00000000 00000000 00000000 00000000
    00000640: 00000000 00000000 00000000 00000000 00000000 00000000 00000000 00000000
    00000660: 00000000 00000000 00000000 00000000 00000000 00000000 00000000 00000000
    00000680: 00000000 00000000 00000000 00000000 00000000 00000000 00000000 00000000
    000006a0: 00000000 00000000 00000000 00000000 00000000 00000000 00000000 00000000
    000006c0: 00000000 00000000 00000000 00000000 00000000 00000000 00000000 00000000
    000006e0: 00000000 00000000 00000000 00000000 00000000 00000000 00000000 00000000
    00000700: 00000000 00000000 00000000 00000000 00000000 00000000 00000000 00000000
    00000720: 00000000 00000000 00000000 00000000 00000000 00000000 00000000 00000000
    00000740: 00000000 00000000 00000000 00000000 00000000 00000000 00000000 00000000
    00000760: 00000000 00000000 00000000 00000000 00000000 00000000 00000000 00000000
    00000780: 00000000 00000000 00000000 00000000 00000000 00000000 00000000 00000000
    000007a0: 00000000 00000000 00000000 00000000 00000000 00000000 00000000 00000000
    000007c0: 00000000 00000000 00000000 00000000 00000000 00000000 00000000 00000000
    000007e0: 00000000 00000000 00000000 00000000 00000000 00000000 00000000 00000000
  Compute queue on device 11d8
    00000000: c0310800 00005024 00001400 00000001 00000001 00000000 00000000 00000000
    00000020: 00000040 00000001 00000001 00000001 00000000 778ba501 0000017f 00000038
    00000040: 00000000 00000000 00000000 008c00c2 000000c4 00000000 00000000 ffffffff
    00000060: ffffffff 00000000 ffffffff ffffffff 00000000 00000000 00000000 00000000
    00000080: 00000000 0000035b 00000000 00000000 00000000 00000000 00000000 00000000
    000000a0: 00000000 00000000 ffffffff 00000000 00000000 00000000 00000000 00000000
    000000c0: 00000000 00000000 00000000 00000000 00000000 00000000 00000000 00000000
    000000e0: 00000000 00000000 00000000 00000000 00000000 00000000 00000000 00000000
    00000100: 00000000 8ba529c0 00007f77 00000000 00000000 00000000 00000000 00000000
    00000120: 00000000 00000000 00000000 00000000 00000000 00000000 00000000 00000000
    00000140: 00000000 00431c00 00000000 00000000 00000000 00000000 00000000 00000000
    00000160: 1ee616c8 800021f8 1ee61968 000021f8 00000000 00000000 00000000 00000000
    00000180: 00000379 00000000 00000000 00000000 00000000 00000000 00000000 00000000
    000001a0: 00000000 00000000 00000000 00000000 00000000 00000000 00000000 00000000
    000001c0: 00000000 00000000 00000003 00000000 00000000 00000000 00000000 00000000
    000001e0: 00000000 00000000 00000000 00000000 00000000 00000000 00000000 00000000
    00000200: 01565000 00000000 00000001 00000808 40005301 00000001 00000000 00000111
    00000220: 778bf6e0 0000007f 00000290 8bf70080 00007f77 8bf70038 00007f77 e0006002
    00000240: 00000000 1808c5c9 8bf68000 00007f77 00000008 00300000 00000000 00000000
    00000260: 00000000 00000000 00000000 00000000 00000000 00000000 00000000 00000000
    00000280: 40004040 00000000 00000100 00000000 00000000 778bf6a0 0000007f 00000009
    000002a0: 40000348 03ff8348 00000000 36c00000 00007f76 00000000 00004000 00004000
    000002c0: 00004000 00d4c000 00000000 00000000 00000348 00000001 00003690 00000000
    000002e0: 00000000 00000000 00000000 00000000 00000000 00000000 00000000 00000000
    00000300: 00000000 00000000 00000000 00000000 00000000 00000000 00000000 00000000
    00000320: 00000000 00000000 00000000 00000000 00000000 00000000 00000000 00000000
    00000340: 00000000 00000000 00000000 00000000 00000000 00000000 00000000 00000000
    00000360: 00000000 00000000 00000000 00000000 00000000 00000000 00000000 00000000
    00000380: 00000000 00000000 00000000 00000000 00000000 00000000 00000000 00000000
    000003a0: 00000000 00000000 00000000 00000000 00000000 00000000 00000000 00000000
    000003c0: 00000000 00000000 00000000 00000000 00000000 00000000 00000000 00000000
    000003e0: 00000000 00000000 00000000 00000000 00000000 00000000 00000000 00000000
    00000400: 00000000 00000000 00000000 00000000 00000000 00000000 00000000 00000000
    00000420: 00000000 00000000 00000000 00000000 00000000 00000000 00000000 00000000
    00000440: 00000000 00000000 00000000 00000000 00000000 00000000 00000000 00000000
    00000460: 00000000 00000000 00000000 00000000 00000000 00000000 00000000 00000000
    00000480: 00000000 00000000 00000000 00000000 00000000 00000000 00000000 00000000
    000004a0: 00000000 00000000 00000000 00000000 00000000 00000000 00000000 00000000
    000004c0: 00000000 00000000 00000000 00000000 00000000 00000000 00000000 00000000
    000004e0: 00000000 00000000 00000000 00000000 00000000 00000000 00000000 00000000
    00000500: 00000000 00000000 00000000 00000000 00000000 00000000 00000000 00000000
    00000520: 00000000 00000000 00000000 00000000 00000000 00000000 00000000 00000000
    00000540: 00000000 00000000 00000000 00000000 00000000 00000000 00000000 00000000
    00000560: 00000000 00000000 00000000 00000000 00000000 00000000 00000000 00000000
    00000580: 00000000 00000000 00000000 00000000 00000000 00000000 00000000 00000000
    000005a0: 00000000 00000000 00000000 00000000 00000000 00000000 00000000 00000000
    000005c0: 00000000 00000000 00000000 00000000 00000000 00000000 00000000 00000000
    000005e0: 00000000 00000000 00000000 00000000 00000000 00000000 00000000 00000000
    00000600: 00000000 00000000 00000000 00000000 00000000 00000000 00000000 00000000
    00000620: 00000000 00000000 00000000 00000000 00000000 00000000 00000000 00000000
    00000640: 00000000 00000000 00000000 00000000 00000000 00000000 00000000 00000000
    00000660: 00000000 00000000 00000000 00000000 00000000 00000000 00000000 00000000
    00000680: 00000000 00000000 00000000 00000000 00000000 00000000 00000000 00000000
    000006a0: 00000000 00000000 00000000 00000000 00000000 00000000 00000000 00000000
    000006c0: 00000000 00000000 00000000 00000000 00000000 00000000 00000000 00000000
    000006e0: 00000000 00000000 00000000 00000000 00000000 00000000 00000000 00000000
    00000700: 00000000 00000000 00000000 00000000 00000000 00000000 00000000 00000000
    00000720: 00000000 00000000 00000000 00000000 00000000 00000000 00000000 00000000
    00000740: 00000000 00000000 00000000 00000000 00000000 00000000 00000000 00000000
    00000760: 00000000 00000000 00000000 00000000 00000000 00000000 00000000 00000000
    00000780: 00000000 00000000 00000000 00000000 00000000 00000000 00000000 00000000
    000007a0: 00000000 00000000 00000000 00000000 00000000 00000000 00000000 00000000
    000007c0: 00000000 00000000 00000000 00000000 00000000 00000000 00000000 00000000
    000007e0: 00000000 00000000 00000000 00000000 00000000 00000000 00000000 00000000
Process 3713296 PASID 3713296:
  Compute queue on device 11d8
    00000000: c0310800 0000d025 00800000 00000001 00000001 00000000 00000000 00000000
    00000020: 00000100 00000001 00000001 00000001 00000000 723e892b 0000017f 0000000b
    00000040: 00000000 00000000 00000000 60af0103 000013d9 00000000 00000000 ffffffff
    00000060: ffffffff 00009500 ffffffff ffffffff 000013b4 00000000 00000000 00000000
    00000080: 00000000 00000006 000013b4 00000000 00000000 00000000 00000000 00000000
    000000a0: 00000000 00000000 ffffffff 00000000 00000000 00000000 00000000 00000000
    000000c0: 00000000 00000000 00000000 00000000 00000000 00000000 00000000 00000000
    000000e0: 00000000 00000000 00000000 00000000 00000000 00000000 00000000 00000000
    00000100: 00000000 45e00000 80007f71 00b40000 21c14fac 2ca002c0 00007f71 2c800280
    00000120: 00007f71 0000000b 00000000 45e00000 00007f71 00000000 00000000 00000000
    00000140: 00000000 0113f100 00000000 00000000 00000000 00000000 00000000 00000000
    00000160: 1ee89700 800021f8 1ee893e4 000021f8 00000000 00000000 00000000 00000000
    00000180: 0000000b 00000000 1e4abdc8 000021f8 1e4ac5c8 000021f8 1e4ad2e0 000021f8
    000001a0: 1e4ad44c 000021f8 00000000 00000000 00000000 00000000 00000000 00000000
    000001c0: 00000000 00000000 00000000 00000000 00000000 00000000 00000000 00000000
    000001e0: 00000000 00000000 00000000 00000000 00000000 00000000 00000000 00000000
    00000200: 01564800 00000000 00000001 00000909 e0005301 00000001 00000000 00000111
    00000220: 712ca000 0000007f 000000b0 3e8be080 00007f72 3e8be038 00007f72 6000400a
    00000240: 00000000 18084511 00000000 00000000 00000000 00300000 00000000 00000000
    00000260: 00000000 00000000 00000000 00000000 00000000 00000000 00000000 00000000
    00000280: 00004042 00000000 00000100 00000000 00000000 723e8ba0 0000007f 00000009
    000002a0: 40000060 03ff8060 00000000 27200000 00007f71 00000000 00002cc0 00004000
    000002c0: 0058fe00 00d4c000 00000000 00000000 00000060 00000005 000000d0 00000000
    000002e0: 00000000 00000000 00000000 00000000 00000000 00000000 00000000 00000000
    00000300: 00000000 00000000 00000000 00000000 00000000 00000000 00000000 00000000
    00000320: 00000000 00000000 00000000 00000000 00000000 00000000 00000000 00000000
    00000340: 00000000 00000000 00000000 00000000 00000000 00000000 00000000 00000000
    00000360: 00000000 00000000 00000000 00000000 00000000 00000000 00000000 00000000
    00000380: 00000000 00000000 00000000 00000000 00000000 00000000 00000000 00000000
    000003a0: 00000000 00000000 00000000 00000000 00000000 00000000 00000000 00000000
    000003c0: 00000000 00000000 00000000 00000000 00000000 00000000 00000000 00000000
    000003e0: 00000000 00000000 00000000 00000000 00000000 00000000 00000000 00000000
    00000400: 00000000 00000000 00000000 00000000 00000000 00000000 00000000 00000000
    00000420: 00000000 00000000 00000000 00000000 00000000 00000000 00000000 00000000
    00000440: 00000000 00000000 00000000 00000000 00000000 00000000 00000000 00000000
    00000460: 00000000 00000000 00000000 00000000 00000000 00000000 00000000 00000000
    00000480: 00000000 00000000 00000000 00000000 00000000 00000000 00000000 00000000
    000004a0: 00000000 00000000 00000000 00000000 00000000 00000000 00000000 00000000
    000004c0: 00000000 00000000 00000000 00000000 00000000 00000000 00000000 00000000
    000004e0: 00000000 00000000 00000000 00000000 00000000 00000000 00000000 00000000
    00000500: 00000000 00000000 00000000 00000000 00000000 00000000 00000000 00000000
    00000520: 00000000 00000000 00000000 00000000 00000000 00000000 00000000 00000000
    00000540: 00000000 00000000 00000000 00000000 00000000 00000000 00000000 00000000
    00000560: 00000000 00000000 00000000 00000000 00000000 00000000 00000000 00000000
    00000580: 00000000 00000000 00000000 00000000 00000000 00000000 00000000 00000000
    000005a0: 00000000 00000000 00000000 00000000 00000000 00000000 00000000 00000000
    000005c0: 00000000 00000000 00000000 00000000 00000000 00000000 00000000 00000000
    000005e0: 00000000 00000000 00000000 00000000 00000000 00000000 00000000 00000000
    00000600: 00000000 00000000 00000000 00000000 00000000 00000000 00000000 00000000
    00000620: 00000000 00000000 00000000 00000000 00000000 00000000 00000000 00000000
    00000640: 00000000 00000000 00000000 00000000 00000000 00000000 00000000 00000000
    00000660: 00000000 00000000 00000000 00000000 00000000 00000000 00000000 00000000
    00000680: 00000000 00000000 00000000 00000000 00000000 00000000 00000000 00000000
    000006a0: 00000000 00000000 00000000 00000000 00000000 00000000 00000000 00000000
    000006c0: 00000000 00000000 00000000 00000000 00000000 00000000 00000000 00000000
    000006e0: 00000000 00000000 00000000 00000000 00000000 00000000 00000000 00000000
    00000700: 00000000 00000000 00000000 00000000 00000000 00000000 00000000 00000000
    00000720: 00000000 00000000 00000000 00000000 00000000 00000000 00000000 00000000
    00000740: 00000000 00000000 00000000 00000000 00000000 00000000 00000000 00000000
    00000760: 00000000 00000000 00000000 00000000 00000000 00000000 00000000 00000000
    00000780: 00000000 00000000 00000000 00000000 00000000 00000000 00000000 00000000
    000007a0: 00000000 00000000 00000000 00000000 00000000 00000000 00000000 00000000
    000007c0: 00000000 00000000 00000000 00000000 00000000 00000000 00000000 00000000
    000007e0: 00000000 00000000 00000000 00000000 00000000 00000000 00000000 00000000
  Compute queue on device 11d8
    00000000: c0310800 00005024 00001400 00000001 00000001 00000000 00000000 00000000
    00000020: 00000040 00000001 00000001 00000001 00000000 723e8a61 0000017f 00000003
    00000040: 00000000 00000000 00000000 008c00c2 000000c4 00000000 00000000 ffffffff
    00000060: ffffffff 00000000 ffffffff ffffffff 00000000 00000000 00000000 00000000
    00000080: 00000000 00000002 00000000 00000000 00000000 00000000 00000000 00000000
    000000a0: 00000000 00000000 ffffffff 00000000 00000000 00000000 00000000 00000000
    000000c0: 00000000 00000000 00000000 00000000 00000000 00000000 00000000 00000000
    000000e0: 00000000 00000000 00000000 00000000 00000000 00000000 00000000 00000000
    00000100: 00000000 3e8b4060 00007f72 00000000 00000000 00000000 00000000 00000000
    00000120: 00000000 00000000 00000000 00000000 00000000 00000000 00000000 00000000
    00000140: 00000000 00002800 00000000 00000000 00000000 00000000 00000000 00000000
    00000160: 1b167714 800021f8 1b167930 000021f8 00000000 00000000 00000000 00000000
    00000180: 00000004 00000000 00000000 00000000 00000000 00000000 00000000 00000000
    000001a0: 00000000 00000000 00000000 00000000 00000000 00000000 00000000 00000000
    000001c0: 00000000 00000000 00000003 00000000 00000000 00000000 00000000 00000000
    000001e0: 00000000 00000000 00000000 00000000 00000000 00000000 00000000 00000000
    00000200: 01563e00 00000000 00000001 00000909 40005301 00000001 00000000 00000111
    00000220: 723e8ca0 0000007f 00000040 3e8cc080 00007f72 3e8cc038 00007f72 60004002
    00000240: 00000000 1808c509 3e8c0000 00007f72 00000008 00300000 00000000 00000000
    00000260: 00000000 00000000 00000000 00000000 00000000 00000000 00000000 00000000
    00000280: 40004000 00000000 00000100 00000000 00000000 723e8c60 0000007f 00000009
    000002a0: 40000020 03ff8020 00000000 2d400000 00007f71 00000000 00004000 00004000
    000002c0: 00004000 00d4c000 00000000 00000000 00000020 00000001 00000040 00000000
    000002e0: 00000000 00000000 00000000 00000000 00000000 00000000 00000000 00000000
    00000300: 00000000 00000000 00000000 00000000 00000000 00000000 00000000 00000000
    00000320: 00000000 00000000 00000000 00000000 00000000 00000000 00000000 00000000
    00000340: 00000000 00000000 00000000 00000000 00000000 00000000 00000000 00000000
    00000360: 00000000 00000000 00000000 00000000 00000000 00000000 00000000 00000000
    00000380: 00000000 00000000 00000000 00000000 00000000 00000000 00000000 00000000
    000003a0: 00000000 00000000 00000000 00000000 00000000 00000000 00000000 00000000
    000003c0: 00000000 00000000 00000000 00000000 00000000 00000000 00000000 00000000
    000003e0: 00000000 00000000 00000000 00000000 00000000 00000000 00000000 00000000
    00000400: 00000000 00000000 00000000 00000000 00000000 00000000 00000000 00000000
    00000420: 00000000 00000000 00000000 00000000 00000000 00000000 00000000 00000000
    00000440: 00000000 00000000 00000000 00000000 00000000 00000000 00000000 00000000
    00000460: 00000000 00000000 00000000 00000000 00000000 00000000 00000000 00000000
    00000480: 00000000 00000000 00000000 00000000 00000000 00000000 00000000 00000000
    000004a0: 00000000 00000000 00000000 00000000 00000000 00000000 00000000 00000000
    000004c0: 00000000 00000000 00000000 00000000 00000000 00000000 00000000 00000000
    000004e0: 00000000 00000000 00000000 00000000 00000000 00000000 00000000 00000000
    00000500: 00000000 00000000 00000000 00000000 00000000 00000000 00000000 00000000
    00000520: 00000000 00000000 00000000 00000000 00000000 00000000 00000000 00000000
    00000540: 00000000 00000000 00000000 00000000 00000000 00000000 00000000 00000000
    00000560: 00000000 00000000 00000000 00000000 00000000 00000000 00000000 00000000
    00000580: 00000000 00000000 00000000 00000000 00000000 00000000 00000000 00000000
    000005a0: 00000000 00000000 00000000 00000000 00000000 00000000 00000000 00000000
    000005c0: 00000000 00000000 00000000 00000000 00000000 00000000 00000000 00000000
    000005e0: 00000000 00000000 00000000 00000000 00000000 00000000 00000000 00000000
    00000600: 00000000 00000000 00000000 00000000 00000000 00000000 00000000 00000000
    00000620: 00000000 00000000 00000000 00000000 00000000 00000000 00000000 00000000
    00000640: 00000000 00000000 00000000 00000000 00000000 00000000 00000000 00000000
    00000660: 00000000 00000000 00000000 00000000 00000000 00000000 00000000 00000000
    00000680: 00000000 00000000 00000000 00000000 00000000 00000000 00000000 00000000
    000006a0: 00000000 00000000 00000000 00000000 00000000 00000000 00000000 00000000
    000006c0: 00000000 00000000 00000000 00000000 00000000 00000000 00000000 00000000
    000006e0: 00000000 00000000 00000000 00000000 00000000 00000000 00000000 00000000
    00000700: 00000000 00000000 00000000 00000000 00000000 00000000 00000000 00000000
    00000720: 00000000 00000000 00000000 00000000 00000000 00000000 00000000 00000000
    00000740: 00000000 00000000 00000000 00000000 00000000 00000000 00000000 00000000
    00000760: 00000000 00000000 00000000 00000000 00000000 00000000 00000000 00000000
    00000780: 00000000 00000000 00000000 00000000 00000000 00000000 00000000 00000000
    000007a0: 00000000 00000000 00000000 00000000 00000000 00000000 00000000 00000000
    000007c0: 00000000 00000000 00000000 00000000 00000000 00000000 00000000 00000000
    000007e0: 00000000 00000000 00000000 00000000 00000000 00000000 00000000 00000000
