Process 3713254 PASID 3713254:
  Compute queue on device 11d8
    00000000: c0310800 00000000 00000000 00000000 00000000 00000000 00000000 00000000
    00000020: 00000000 00000000 00000000 00000001 00000000 00000000 00000000 00000000
    00000040: 00000000 00000000 00000000 00000000 00000000 00000000 00000000 ffffffff
    00000060: ffffffff 00000000 ffffffff ffffffff 00000000 00000000 00000000 00000000
    00000080: 00000000 00000000 00000000 00000000 00000000 00000000 00000000 00000000
    000000a0: 00000000 00000000 00000000 00000000 00000000 00000000 00000000 00000000
    000000c0: 00000000 00000000 00000000 00000000 00000000 00000000 00000000 00000000
    000000e0: 00000000 00000000 00000000 00000000 00000000 00000000 00000000 00000000
    00000100: 00000000 00000000 00000000 00000000 00000000 00000000 00000000 00000000
    00000120: 00000000 00000000 00000000 00000000 00000000 00000000 00000000 00000000
    00000140: 00000000 00000000 00000000 00000000 00000000 00000000 00000000 00000000
    00000160: 00000000 00000000 00000000 00000000 00000000 00000000 00000000 00000000
    00000180: 00000000 00000000 00000000 00000000 00000000 00000000 00000000 00000000
    000001a0: 00000000 00000000 00000000 00000000 00000000 00000000 00000000 00000000
    000001c0: 00000000 00000000 00000000 00000000 00000000 00000000 00000000 00000000
    000001e0: 00000000 00000000 00000000 00000000 00000000 00000000 00000000 00000000
    00000200: 01567000 00000000 00000001 00000808 40005301 00000001 00000000 00000111
    00000220: 7626c000 0000007f 00000000 8b9d2080 00007f77 8b9d2038 00007f77 60006022
    00000240: 00000000 1808c511 00000000 00000000 00000000 00300000 00000000 00000000
    00000260: 00000000 00000000 00000000 00000000 00000000 00000000 00000000 00000000
    00000280: 40004000 00000000 00000100 00000000 00000000 778b9c80 0000007f 00000009
    000002a0: 40000000 03ff8000 00000000 25e00000 00007f76 00000000 00004000 00004000
    000002c0: 00004000 00d4c000 00000000 00000000 00000000 00000001 00000000 00000000
    000002e0: 00000000 00000000 00000000 00000000 00000000 00000000 00000000 00000000
    00000300: 00000000 00000000 00000000 00000000 00000000 00000000 00000000 00000000
    00000320: 00000000 00000000 00000000 00000000 00000000 00000000 00000000 00000000
    00000340: 00000000 00000000 00000000 00000000 00000000 00000000 00000000 00000000
    00000360: 00000000 00000000 00000000 00000000 00000000 00000000 00000000 00000000
    00000380: 00000000 00000000 00000000 00000000 00000000 00000000 00000000 00000000
    000003a0: 00000000 00000000 00000000 00000000 00000000 00000000 00000000 00000000
    000003c0: 00000000 00000000 00000000 00000000 00000000 00000000 00000000 00000000
    000003e0: 00000000 00000000 00000000 00000000 00000000 00000000 00000000 00000000
    00000400: 00000000 00000000 00000000 00000000 00000000 00000000 00000000 00000000
    00000420: 00000000 00000000 00000000 00000000 00000000 00000000 00000000 00000000
    00000440: 00000000 00000000 00000000 00000000 00000000 00000000 00000000 00000000
    00000460: 00000000 00000000 00000000 00000000 00000000 00000000 00000000 00000000
    00000480: 00000000 00000000 00000000 00000000 00000000 00000000 00000000 00000000
    000004a0: 00000000 00000000 00000000 00000000 00000000 00000000 00000000 00000000
    000004c0: 00000000 00000000 00000000 00000000 00000000 00000000 00000000 00000000
    000004e0: 00000000 00000000 00000000 00000000 00000000 00000000 00000000 00000000
    00000500: 00000000 00000000 00000000 00000000 00000000 00000000 00000000 00000000
    00000520: 00000000 00000000 00000000 00000000 00000000 00000000 00000000 00000000
    00000540: 00000000 00000000 00000000 00000000 00000000 00000000 00000000 00000000
    00000560: 00000000 00000000 00000000 00000000 00000000 00000000 00000000 00000000
    00000580: 00000000 00000000 00000000 00000000 00000000 00000000 00000000 00000000
    000005a0: 00000000 00000000 00000000 00000000 00000000 00000000 00000000 00000000
    000005c0: 00000000 00000000 00000000 00000000 00000000 00000000 00000000 00000000
    000005e0: 00000000 00000000 00000000 00000000 00000000 00000000 00000000 00000000
    00000600: 00000000 00000000 00000000 00000000 00000000 00000000 00000000 00000000
    00000620: 00000000 00000000 00000000 00000000 00000000 00000000 00000000 00000000
    00000640: 00000000 00000000 00000000 00000000 00000000 00000000 00000000 00000000
    00000660: 00000000 00000000 00000000 00000000 00000000 00000000 00000000 00000000
    00000680: 00000000 00000000 00000000 00000000 00000000 00000000 00000000 00000000
    000006a0: 00000000 00000000 00000000 00000000 00000000 00000000 00000000 00000000
    000006c0: 00000000 00000000 00000000 00000000 00000000 00000000 00000000 00000000
    000006e0: 00000000 00000000 00000000 00000000 00000000 00000000 00000000 00000000
    00000700: 00000000 00000000 00000000 00000000 00000000 00000000 00000000 00000000
    00000720: 00000000 00000000 00000000 00000000 00000000 00000000 00000000 00000000
    00000740: 00000000 00000000 00000000 00000000 00000000 00000000 00000000 00000000
    00000760: 00000000 00000000 00000000 00000000 00000000 00000000 00000000 00000000
    00000780: 00000000 00000000 00000000 00000000 00000000 00000000 00000000 00000000
    000007a0: 00000000 00000000 00000000 00000000 00000000 00000000 00000000 00000000
    000007c0: 00000000 00000000 00000000 00000000 00000000 00000000 00000000 00000000
    000007e0: 00000000 00000000 00000000 00000000 00000000 00000000 00000000 00000000
  Compute queue on device 11d8
    00000000: c0310800 0000d024 00000100 00000001 00000001 00000000 00000000 00000000
    00000020: 00000100 00000001 00000001 00000001 00000000 778ba5f2 0000017f 00000547
    00000040: 00000000 00000000 00000000 60af00c1 000000cc 00000000 00000000 ffffffff
    00000060: ffffffff 00000000 ffffffff ffffffff 00000000 00000000 00000000 00000000
    00000080: 00000000 00000336 00000000 00000000 00000000 00000000 00000000 00000000
    000000a0: 00000000 00000000 ffffffff 00000000 00000000 00000000 00000000 00000000
    000000c0: 00000000 00000000 00000000 00000000 00000000 00000000 00000000 00000000
    000000e0: 00000000 00000000 00000000 00000000 00000000 00000000 00000000 00000000
    00000100: 00000000 00000000 80000000 00000000 21c14fac 3369a100 00007f76 00000000
    00000120: 00000000 00000000 00000000 00000000 00000000 00000000 00000000 00000000
    00000140: 00000000 00033600 00000000 00000000 00000000 00000000 00000000 00000000
    00000160: 2f6e84a4 800021f8 2f6e86e8 000021f8 00000000 00000000 00000000 00000000
    00000180: 00000549 00000000 00000000 00000000 00000000 00000000 00000000 00000000
    000001a0: 00000000 00000000 00000000 00000000 00000000 00000000 00000000 00000000
    000001c0: 00000000 00000000 00000000 00000000 00000000 00000000 00000000 00000000
    000001e0: 00000000 00000000 00000000 00000000 00000000 00000000 00000000 00000000
    00000200: 01566800 00000000 00000001 00000808 40005301 00000001 00000000 00000111
    00000220: 76338000 0000007f 00005490 8b9f5080 00007f77 8b9f5038 00007f77 6000601a
    00000240: 00000000 1808c511 00000000 00000000 00000000 00300000 00000000 00000000
    00000260: 00000000 00000000 00000000 00000000 00000000 00000000 00000000 00000000
    00000280: 40004000 00000000 00000100 00000000 00000000 778b9d60 0000007f 00000009
    000002a0: 40000248 03ff8248 00000000 2b200000 00007f76 00000000 00004000 00004000
    000002c0: 00004000 00d4c000 00000000 00000000 00000248 00000001 00005490 00000000
    000002e0: 00000000 00000000 00000000 00000000 00000000 00000000 00000000 00000000
    00000300: 00000000 00000000 00000000 00000000 00000000 00000000 00000000 00000000
    00000320: 00000000 00000000 00000000 00000000 00000000 00000000 00000000 00000000
    00000340: 00000000 00000000 00000000 00000000 00000000 00000000 00000000 00000000
    00000360: 00000000 00000000 00000000 00000000 00000000 00000000 00000000 00000000
    00000380: 00000000 00000000 00000000 00000000 00000000 00000000 00000000 00000000
    000003a0: 00000000 00000000 00000000 00000000 00000000 00000000 00000000 00000000
    000003c0: 00000000 00000000 00000000 00000000 00000000 00000000 00000000 00000000
    000003e0: 00000000 00000000 00000000 00000000 00000000 00000000 00000000 00000000
    00000400: 00000000 00000000 00000000 00000000 00000000 00000000 00000000 00000000
    00000420: 00000000 00000000 00000000 00000000 00000000 00000000 00000000 00000000
    00000440: 00000000 00000000 00000000 00000000 00000000 00000000 00000000 00000000
    00000460: 00000000 00000000 00000000 00000000 00000000 00000000 00000000 00000000
    00000480: 00000000 00000000 00000000 00000000 00000000 00000000 00000000 00000000
    000004a0: 00000000 00000000 00000000 00000000 00000000 00000000 00000000 00000000
    000004c0: 00000000 00000000 00000000 00000000 00000000 00000000 00000000 00000000
    000004e0: 00000000 00000000 00000000 00000000 00000000 00000000 00000000 00000000
    00000500: 00000000 00000000 00000000 00000000 00000000 00000000 00000000 00000000
    00000520: 00000000 00000000 00000000 00000000 00000000 00000000 00000000 00000000
    00000540: 00000000 00000000 00000000 00000000 00000000 00000000 00000000 00000000
    00000560: 00000000 00000000 00000000 00000000 00000000 00000000 00000000 00000000
    00000580: 00000000 00000000 00000000 00000000 00000000 00000000 00000000 00000000
    000005a0: 00000000 00000000 00000000 00000000 00000000 00000000 00000000 00000000
    000005c0: 00000000 00000000 00000000 00000000 00000000 00000000 00000000 00000000
    000005e0: 00000000 00000000 00000000 00000000 00000000 00000000 00000000 00000000
    00000600: 00000000 00000000 00000000 00000000 00000000 00000000 00000000 00000000
    00000620: 00000000 00000000 00000000 00000000 00000000 00000000 00000000 00000000
    00000640: 00000000 00000000 00000000 00000000 00000000 00000000 00000000 00000000
    00000660: 00000000 00000000 00000000 00000000 00000000 00000000 00000000 00000000
    00000680: 00000000 00000000 00000000 00000000 00000000 00000000 00000000 00000000
    000006a0: 00000000 00000000 00000000 00000000 00000000 00000000 00000000 00000000
    000006c0: 00000000 00000000 00000000 00000000 00000000 00000000 00000000 00000000
    000006e0: 00000000 00000000 00000000 00000000 00000000 00000000 00000000 00000000
    00000700: 00000000 00000000 00000000 00000000 00000000 00000000 00000000 00000000
    00000720: 00000000 00000000 00000000 00000000 00000000 00000000 00000000 00000000
    00000740: 00000000 00000000 00000000 00000000 00000000 00000000 00000000 00000000
    00000760: 00000000 00000000 00000000 00000000 00000000 00000000 00000000 00000000
    00000780: 00000000 00000000 00000000 00000000 00000000 00000000 00000000 00000000
    000007a0: 00000000 00000000 00000000 00000000 00000000 00000000 00000000 00000000
    000007c0: 00000000 00000000 00000000 00000000 00000000 00000000 00000000 00000000
    000007e0: 00000000 00000000 00000000 00000000 00000000 00000000 00000000 00000000
  Compute queue on device 11d8
    00000000: c0310800 0000d024 000060c0 00000001 00000001 00000000 00000000 00000000
    00000020: 000000c0 00000001 00000001 00000001 00000000 7633cd8b 0000017f 00000992
    00000040: 00000000 00000000 00000000 60af00c1 000083cc 00000000 00000000 ffffffff
    00000060: ffffffff 00016500 ffffffff ffffffff 00000000 00000000 00000000 00000000
    00000080: 00000000 00000660 00000000 00000000 00000000 00000000 00000000 00000000
    000000a0: 00000000 00000000 ffffffff 00000000 00000000 00000000 00000000 00000000
    000000c0: 00000000 00000000 00000000 00000000 00000000 00000000 00000000 00000000
    000000e0: 00000000 00000000 00000000 00000000 00000000 00000000 00000000 00000000
    00000100: 00000000 4e680000 80007f76 01b80000 21c14fac 34486480 00007f76 4db40000
    00000120: 00007f76 4db40000 00007f76 00000000 00000000 00000000 00000000 00000000
    00000140: 00000000 060d9720 00000000 00000000 00000000 00000000 00000000 00000000
    00000160: 30dd77d4 800021f8 30dd80c0 000021f8 00000000 00000000 00000000 00000000
    00000180: 00000994 00000000 00000000 00000000 00000000 00000000 00000000 00000000
    000001a0: 00000000 00000000 00000000 00000000 00000000 00000000 00000000 00000000
    000001c0: 00000000 00000000 00000000 00000000 00000000 00000000 00000000 00000000
    000001e0: 00000000 00000000 00000000 00000000 00000000 00000000 00000000 00000000
    00000200: 01566000 00000000 00000001 00000808 40005301 00000001 00000000 00000111
    00000220: 76354000 0000007f 000098e0 8ba68080 00007f77 8ba68038 00007f77 e0006012
    00000240: 00000000 1808c511 00000000 00000000 00000000 00300000 08100100 00000000
    00000260: 00000000 00000000 00000000 00000000 00000000 00000000 00000000 00000000
    00000280: 40004040 00000000 00000100 00000000 00000000 778ba640 0000007f 00000009
    000002a0: 40000088 03ff8088 00000000 34600000 00007f76 00000000 00004000 00004000
    000002c0: 00004000 00d4c000 00000000 00000000 00000088 00000001 000098e0 00000000
    000002e0: 00000000 00000000 00000000 00000000 00000000 00000000 00000000 00000000
    00000300: 00000000 00000000 00000000 00000000 00000000 00000000 00000000 00000000
    00000320: 00000000 00000000 00000000 00000000 00000000 00000000 00000000 00000000
    00000340: 00000000 00000000 00000000 00000000 00000000 00000000 00000000 00000000
    00000360: 00000000 00000000 00000000 00000000 00000000 00000000 00000000 00000000
    00000380: 00000000 00000000 00000000 00000000 00000000 00000000 00000000 00000000
    000003a0: 00000000 00000000 00000000 00000000 00000000 00000000 00000000 00000000
    000003c0: 00000000 00000000 00000000 00000000 00000000 00000000 00000000 00000000
    000003e0: 00000000 00000000 00000000 00000000 00000000 00000000 00000000 00000000
    00000400: 00000000 00000000 00000000 00000000 00000000 00000000 00000000 00000000
    00000420: 00000000 00000000 00000000 00000000 00000000 00000000 00000000 00000000
    00000440: 00000000 00000000 00000000 00000000 00000000 00000000 00000000 00000000
    00000460: 00000000 00000000 00000000 00000000 00000000 00000000 00000000 00000000
    00000480: 00000000 00000000 00000000 00000000 00000000 00000000 00000000 00000000
    000004a0: 00000000 00000000 00000000 00000000 00000000 00000000 00000000 00000000
    000004c0: 00000000 00000000 00000000 00000000 00000000 00000000 00000000 00000000
    000004e0: 00000000 00000000 00000000 00000000 00000000 00000000 00000000 00000000
    00000500: 00000000 00000000 00000000 00000000 00000000 00000000 00000000 00000000
    00000520: 00000000 00000000 00000000 00000000 00000000 00000000 00000000 00000000
    00000540: 00000000 00000000 00000000 00000000 00000000 00000000 00000000 00000000
    00000560: 00000000 00000000 00000000 00000000 00000000 00000000 00000000 00000000
    00000580: 00000000 00000000 00000000 00000000 00000000 00000000 00000000 00000000
    000005a0: 00000000 00000000 00000000 00000000 00000000 00000000 00000000 00000000
    000005c0: 00000000 00000000 00000000 00000000 00000000 00000000 00000000 00000000
    000005e0: 00000000 00000000 00000000 00000000 00000000 00000000 00000000 00000000
    00000600: 00000000 00000000 00000000 00000000 00000000 00000000 00000000 00000000
    00000620: 00000000 00000000 00000000 00000000 00000000 00000000 00000000 00000000
    00000640: 00000000 00000000 00000000 00000000 00000000 00000000 00000000 00000000
    00000660: 00000000 00000000 00000000 00000000 00000000 00000000 00000000 00000000
    00000680: 00000000 00000000 00000000 00000000 00000000 00000000 00000000 00000000
    000006a0: 00000000 00000000 00000000 00000000 00000000 00000000 00000000 00000000
    000006c0: 00000000 00000000 00000000 00000000 00000000 00000000 00000000 00000000
    000006e0: 00000000 00000000 00000000 00000000 00000000 00000000 00000000 00000000
    00000700: 00000000 00000000 00000000 00000000 00000000 00000000 00000000 00000000
    00000720: 00000000 00000000 00000000 00000000 00000000 00000000 00000000 00000000
    00000740: 00000000 00000000 00000000 00000000 00000000 00000000 00000000 00000000
    00000760: 00000000 00000000 00000000 00000000 00000000 00000000 00000000 00000000
    00000780: 00000000 00000000 00000000 00000000 00000000 00000000 00000000 00000000
    000007a0: 00000000 00000000 00000000 00000000 00000000 00000000 00000000 00000000
    000007c0: 00000000 00000000 00000000 00000000 00000000 00000000 00000000 00000000
    000007e0: 00000000 00000000 00000000 00000000 00000000 00000000 00000000 00000000
  Compute queue on device 11d8
    00000000: c0310800 0000d024 00000200 00000001 00000001 00000000 00000000 00000000
    00000020: 00000200 00000001 00000001 00000001 00000000 778ba5fa 0000017f 000016a0
    00000040: 00000000 00000000 00000000 60af0081 000000cc 00000000 00000000 ffffffff
    00000060: ffffffff 00000000 ffffffff ffffffff 00000000 00000000 00000000 00000000
    00000080: 00000000 0000480a 00000000 00000000 00000000 00000000 00000000 00000000
    000000a0: 00000000 00000000 ffffffff 00000000 00000000 00000000 00000000 00000000
    000000c0: 00000000 00000000 00000000 00000000 00000000 00000000 00000000 00000000
    000000e0: 00000000 00000000 00000000 00000000 00000000 00000000 00000000 00000000
    00000100: 00000000 00000000 80000000 00000000 21c14fac 35c00780 00007f76 00000000
    00000120: 00000000 00000000 00000000 00000000 00000000 00000000 00000000 00000000
    00000140: 00000000 0094bc00 00000000 00000000 00000000 00000000 00000000 00000000
    00000160: 30e65510 800021f8 30e6570c 000021f8 00000000 00000000 00000000 00000000
    00000180: 000096a2 00000000 00000000 00000000 00000000 00000000 00000000 00000000
    000001a0: 00000000 00000000 00000000 00000000 00000000 00000000 00000000 00000000
    000001c0: 00000000 00000000 00000000 00000000 00000000 00000000 00000000 00000000
    000001e0: 00000000 00000000 00000000 00000000 00000000 00000000 00000000 00000000
    00000200: 01565800 00000000 00000001 00000808 40005301 00000001 00000000 80000111
    00000220: 76442000 0000007f 00015fd0 8ba70080 00007f77 8ba70038 00007f77 e000600a
    00000240: 00000000 1808c511 00000000 00000000 00000000 00300000 00000000 00000000
    00000260: 00000000 00000000 00000000 00000000 00000000 00000000 00000000 00000000
    00000280: 40004040 00000000 00000100 00000000 00000000 778ba6c0 0000007f 00000009
    000002a0: 400003e8 03ff83e8 00000000 35e00000 00007f76 00000000 00004000 00004000
    000002c0: 00004000 00d4c000 00000000 00000000 000003e8 00000001 00095fd0 00000000
    000002e0: 00000000 00000000 00000000 00000000 00000000 00000000 00000000 00000000
    00000300: 00000000 00000000 00000000 00000000 00000000 00000000 00000000 00000000
    00000320: 00000000 00000000 00000000 00000000 00000000 00000000 00000000 00000000
    00000340: 00000000 00000000 00000000 00000000 00000000 00000000 00000000 00000000
    00000360: 00000000 00000000 00000000 00000000 00000000 00000000 00000000 00000000
    00000380: 00000000 00000000 00000000 00000000 00000000 00000000 00000000 00000000
    000003a0: 00000000 00000000 00000000 00000000 00000000 00000000 00000000 00000000
    000003c0: 00000000 00000000 00000000 00000000 00000000 00000000 00000000 00000000
    000003e0: 00000000 00000000 00000000 00000000 00000000 00000000 00000000 00000000
    00000400: 00000000 00000000 00000000 00000000 00000000 00000000 00000000 00000000
    00000420: 00000000 00000000 00000000 00000000 00000000 00000000 00000000 00000000
    00000440: 00000000 00000000 00000000 00000000 00000000 00000000 00000000 00000000
    00000460: 00000000 00000000 00000000 00000000 00000000 00000000 00000000 00000000
    00000480: 00000000 00000000 00000000 00000000 00000000 00000000 00000000 00000000
    000004a0: 00000000 00000000 00000000 00000000 00000000 00000000 00000000 00000000
    000004c0: 00000000 00000000 00000000 00000000 00000000 00000000 00000000 00000000
    000004e0: 00000000 00000000 00000000 00000000 00000000 00000000 00000000 00000000
    00000500: 00000000 00000000 00000000 00000000 00000000 00000000 00000000 00000000
    00000520: 00000000 00000000 00000000 00000000 00000000 00000000 00000000 00000000
    00000540: 00000000 00000000 00000000 00000000 00000000 00000000 00000000 00000000
    00000560: 00000000 00000000 00000000 00000000 00000000 00000000 00000000 00000000
    00000580: 00000000 00000000 00000000 00000000 00000000 00000000 00000000 00000000
    000005a0: 00000000 00000000 00000000 00000000 00000000 00000000 00000000 00000000
    000005c0: 00000000 00000000 00000000 00000000 00000000 00000000 00000000 00000000
    000005e0: 00000000 00000000 00000000 00000000 00000000 00000000 00000000 00000000
    00000600: 00000000 00000000 00000000 00000000 00000000 00000000 00000000 00000000
    00000620: 00000000 00000000 00000000 00000000 00000000 00000000 00000000 00000000
    00000640: 00000000 00000000 00000000 00000000 00000000 00000000 00000000 00000000
    00000660: 00000000 00000000 00000000 00000000 00000000 00000000 00000000 00000000
    00000680: 00000000 00000000 00000000 00000000 00000000 00000000 00000000 00000000
    000006a0: 00000000 00000000 00000000 00000000 00000000 00000000 00000000 00000000
    000006c0: 00000000 00000000 00000000 00000000 00000000 00000000 00000000 00000000
    000006e0: 00000000 00000000 00000000 00000000 00000000 00000000 00000000 00000000
    00000700: 00000000 00000000 00000000 00000000 00000000 00000000 00000000 00000000
    00000720: 00000000 00000000 00000000 00000000 00000000 00000000 00000000 00000000
    00000740: 00000000 00000000 00000000 00000000 00000000 00000000 00000000 00000000
    00000760: 00000000 00000000 00000000 00000000 00000000 00000000 00000000 00000000
    00000780: 00000000 00000000 00000000 00000000 00000000 00000000 00000000 00000000
    000007a0: 00000000 00000000 00000000 00000000 00000000 00000000 00000000 00000000
    000007c0: 00000000 00000000 00000000 00000000 00000000 00000000 00000000 00000000
    000007e0: 00000000 00000000 00000000 00000000 00000000 00000000 00000000 00000000
  Compute queue on device 11d8
    00000000: c0310800 00005024 00001400 00000001 00000001 00000000 00000000 00000000
    00000020: 00000040 00000001 00000001 00000001 00000000 778ba501 0000017f 00000002
    00000040: 00000000 00000000 00000000 008c00c2 000000c4 00000000 00000000 ffffffff
    00000060: ffffffff 00000000 ffffffff ffffffff 00000000 00000000 00000000 00000000
    00000080: 00000000 000005a4 00000000 00000000 00000000 00000000 00000000 00000000
    000000a0: 00000000 00000000 ffffffff 00000000 00000000 00000000 00000000 00000000
    000000c0: 00000000 00000000 00000000 00000000 00000000 00000000 00000000 00000000
    000000e0: 00000000 00000000 00000000 00000000 00000000 00000000 00000000 00000000
    00000100: 00000000 8ba52d20 00007f77 00000000 00000000 00000000 00000000 00000000
    00000120: 00000000 00000000 00000000 00000000 00000000 00000000 00000000 00000000
    00000140: 00000000 0070d000 00000000 00000000 00000000 00000000 00000000 00000000
    00000160: 30e677a8 800021f8 30e67a04 000021f8 00000000 00000000 00000000 00000000
    00000180: 000005c3 00000000 00000000 00000000 00000000 00000000 00000000 00000000
    000001a0: 00000000 00000000 00000000 00000000 00000000 00000000 00000000 00000000
    000001c0: 00000000 00000000 00000003 00000000 00000000 00000000 00000000 00000000
    000001e0: 00000000 00000000 00000000 00000000 00000000 00000000 00000000 00000000
    00000200: 01565000 00000000 00000001 00000808 40005301 00000001 00000000 80000111
    00000220: 778bf6e0 0000007f 00000330 8bf70080 00007f77 8bf70038 00007f77 e0006002
    00000240: 00000000 1808c509 8bf68000 00007f77 00000008 00300000 00000000 00000000
    00000260: 00000000 00000000 00000000 00000000 00000000 00000000 00000000 00000000
    00000280: 40004040 00000000 00000100 00000000 00000000 778bf6a0 0000007f 00000009
    000002a0: 40000198 03ff8198 00000000 36c00000 00007f76 00000000 00004000 00004000
    000002c0: 00004000 00d4c000 00000000 00000000 00000198 00000001 00005b30 00000000
    000002e0: 00000000 00000000 00000000 00000000 00000000 00000000 00000000 00000000
    00000300: 00000000 00000000 00000000 00000000 00000000 00000000 00000000 00000000
    00000320: 00000000 00000000 00000000 00000000 00000000 00000000 00000000 00000000
    00000340: 00000000 00000000 00000000 00000000 00000000 00000000 00000000 00000000
    00000360: 00000000 00000000 00000000 00000000 00000000 00000000 00000000 00000000
    00000380: 00000000 00000000 00000000 00000000 00000000 00000000 00000000 00000000
    000003a0: 00000000 00000000 00000000 00000000 00000000 00000000 00000000 00000000
    000003c0: 00000000 00000000 00000000 00000000 00000000 00000000 00000000 00000000
    000003e0: 00000000 00000000 00000000 00000000 00000000 00000000 00000000 00000000
    00000400: 00000000 00000000 00000000 00000000 00000000 00000000 00000000 00000000
    00000420: 00000000 00000000 00000000 00000000 00000000 00000000 00000000 00000000
    00000440: 00000000 00000000 00000000 00000000 00000000 00000000 00000000 00000000
    00000460: 00000000 00000000 00000000 00000000 00000000 00000000 00000000 00000000
    00000480: 00000000 00000000 00000000 00000000 00000000 00000000 00000000 00000000
    000004a0: 00000000 00000000 00000000 00000000 00000000 00000000 00000000 00000000
    000004c0: 00000000 00000000 00000000 00000000 00000000 00000000 00000000 00000000
    000004e0: 00000000 00000000 00000000 00000000 00000000 00000000 00000000 00000000
    00000500: 00000000 00000000 00000000 00000000 00000000 00000000 00000000 00000000
    00000520: 00000000 00000000 00000000 00000000 00000000 00000000 00000000 00000000
    00000540: 00000000 00000000 00000000 00000000 00000000 00000000 00000000 00000000
    00000560: 00000000 00000000 00000000 00000000 00000000 00000000 00000000 00000000
    00000580: 00000000 00000000 00000000 00000000 00000000 00000000 00000000 00000000
    000005a0: 00000000 00000000 00000000 00000000 00000000 00000000 00000000 00000000
    000005c0: 00000000 00000000 00000000 00000000 00000000 00000000 00000000 00000000
    000005e0: 00000000 00000000 00000000 00000000 00000000 00000000 00000000 00000000
    00000600: 00000000 00000000 00000000 00000000 00000000 00000000 00000000 00000000
    00000620: 00000000 00000000 00000000 00000000 00000000 00000000 00000000 00000000
    00000640: 00000000 00000000 00000000 00000000 00000000 00000000 00000000 00000000
    00000660: 00000000 00000000 00000000 00000000 00000000 00000000 00000000 00000000
    00000680: 00000000 00000000 00000000 00000000 00000000 00000000 00000000 00000000
    000006a0: 00000000 00000000 00000000 00000000 00000000 00000000 00000000 00000000
    000006c0: 00000000 00000000 00000000 00000000 00000000 00000000 00000000 00000000
    000006e0: 00000000 00000000 00000000 00000000 00000000 00000000 00000000 00000000
    00000700: 00000000 00000000 00000000 00000000 00000000 00000000 00000000 00000000
    00000720: 00000000 00000000 00000000 00000000 00000000 00000000 00000000 00000000
    00000740: 00000000 00000000 00000000 00000000 00000000 00000000 00000000 00000000
    00000760: 00000000 00000000 00000000 00000000 00000000 00000000 00000000 00000000
    00000780: 00000000 00000000 00000000 00000000 00000000 00000000 00000000 00000000
    000007a0: 00000000 00000000 00000000 00000000 00000000 00000000 00000000 00000000
    000007c0: 00000000 00000000 00000000 00000000 00000000 00000000 00000000 00000000
    000007e0: 00000000 00000000 00000000 00000000 00000000 00000000 00000000 00000000
Process 3713296 PASID 3713296:
  Compute queue on device 11d8
    00000000: c0310800 0000d025 00800000 00000001 00000001 00000000 00000000 00000000
    00000020: 00000100 00000001 00000001 00000001 00000000 723e892b 0000017f 0000000b
    00000040: 00000000 00000000 00000000 60af0103 000013d9 00000000 00000000 ffffffff
    00000060: ffffffff 00009500 ffffffff ffffffff 00007257 00000000 00000000 00000000
    00000080: 00000001 00000006 00007257 00000000 00000000 00000000 00000000 00000000
    000000a0: 00000000 00000000 ffffffff 00000000 00000000 00000000 00000000 00000000
    000000c0: 00000000 00000000 00000000 00000000 00000000 00000000 00000000 00000000
    000000e0: 00000000 00000000 00000000 00000000 00000000 00000000 00000000 00000000
    00000100: 00000000 45e00000 80007f71 00b40000 21c14fac 2ca002c0 00007f71 2c800280
    00000120: 00007f71 0000000b 00000000 45e00000 00007f71 00000000 00000000 00000000
    00000140: 00000000 01729400 00000000 00000000 00000000 00000000 00000000 00000000
    00000160: 30b64c5c 800021f8 30b62550 000021f8 00000000 00000000 00000000 00000000
    00000180: 0000000b 00000000 30b636f0 000021f8 30b63eb8 000021f8 30b64c8c 000021f8
    000001a0: 30b64e00 000021f8 00000000 00000000 00000000 00000000 00000000 00000000
    000001c0: 00000000 00000000 00000000 00000000 00000000 00000000 00000000 00000000
    000001e0: 00000000 00000000 00000000 00000000 00000000 00000000 00000000 00000000
    00000200: 01564800 00000000 00000001 00000909 e0005301 00000001 00000000 00000111
    00000220: 712ca000 0000007f 000000b0 3e8be080 00007f72 3e8be038 00007f72 6000400a
    00000240: 00000000 18084511 00000000 00000000 00000000 00300000 00000000 00000000
    00000260: 00000000 00000000 00000000 00000000 00000000 00000000 00000000 00000000
    00000280: 00004042 00000000 00000100 00000000 00000000 723e8ba0 0000007f 00000009
    000002a0: 40000060 03ff8060 00000000 27200000 00007f71 00000000 00002c8c 00004000
    000002c0: 0059ee80 00d4c000 00000000 00000000 00000060 00000005 000000d0 00000000
    000002e0: 00000000 00000000 00000000 00000000 00000000 00000000 00000000 00000000
    00000300: 00000000 00000000 00000000 00000000 00000000 00000000 00000000 00000000
    00000320: 00000000 00000000 00000000 00000000 00000000 00000000 00000000 00000000
    00000340: 00000000 00000000 00000000 00000000 00000000 00000000 00000000 00000000
    00000360: 00000000 00000000 00000000 00000000 00000000 00000000 00000000 00000000
    00000380: 00000000 00000000 00000000 00000000 00000000 00000000 00000000 00000000
    000003a0: 00000000 00000000 00000000 00000000 00000000 00000000 00000000 00000000
    000003c0: 00000000 00000000 00000000 00000000 00000000 00000000 00000000 00000000
    000003e0: 00000000 00000000 00000000 00000000 00000000 00000000 00000000 00000000
    00000400: 00000000 00000000 00000000 00000000 00000000 00000000 00000000 00000000
    00000420: 00000000 00000000 00000000 00000000 00000000 00000000 00000000 00000000
    00000440: 00000000 00000000 00000000 00000000 00000000 00000000 00000000 00000000
    00000460: 00000000 00000000 00000000 00000000 00000000 00000000 00000000 00000000
    00000480: 00000000 00000000 00000000 00000000 00000000 00000000 00000000 00000000
    000004a0: 00000000 00000000 00000000 00000000 00000000 00000000 00000000 00000000
    000004c0: 00000000 00000000 00000000 00000000 00000000 00000000 00000000 00000000
    000004e0: 00000000 00000000 00000000 00000000 00000000 00000000 00000000 00000000
    00000500: 00000000 00000000 00000000 00000000 00000000 00000000 00000000 00000000
    00000520: 00000000 00000000 00000000 00000000 00000000 00000000 00000000 00000000
    00000540: 00000000 00000000 00000000 00000000 00000000 00000000 00000000 00000000
    00000560: 00000000 00000000 00000000 00000000 00000000 00000000 00000000 00000000
    00000580: 00000000 00000000 00000000 00000000 00000000 00000000 00000000 00000000
    000005a0: 00000000 00000000 00000000 00000000 00000000 00000000 00000000 00000000
    000005c0: 00000000 00000000 00000000 00000000 00000000 00000000 00000000 00000000
    000005e0: 00000000 00000000 00000000 00000000 00000000 00000000 00000000 00000000
    00000600: 00000000 00000000 00000000 00000000 00000000 00000000 00000000 00000000
    00000620: 00000000 00000000 00000000 00000000 00000000 00000000 00000000 00000000
    00000640: 00000000 00000000 00000000 00000000 00000000 00000000 00000000 00000000
    00000660: 00000000 00000000 00000000 00000000 00000000 00000000 00000000 00000000
    00000680: 00000000 00000000 00000000 00000000 00000000 00000000 00000000 00000000
    000006a0: 00000000 00000000 00000000 00000000 00000000 00000000 00000000 00000000
    000006c0: 00000000 00000000 00000000 00000000 00000000 00000000 00000000 00000000
    000006e0: 00000000 00000000 00000000 00000000 00000000 00000000 00000000 00000000
    00000700: 00000000 00000000 00000000 00000000 00000000 00000000 00000000 00000000
    00000720: 00000000 00000000 00000000 00000000 00000000 00000000 00000000 00000000
    00000740: 00000000 00000000 00000000 00000000 00000000 00000000 00000000 00000000
    00000760: 00000000 00000000 00000000 00000000 00000000 00000000 00000000 00000000
    00000780: 00000000 00000000 00000000 00000000 00000000 00000000 00000000 00000000
    000007a0: 00000000 00000000 00000000 00000000 00000000 00000000 00000000 00000000
    000007c0: 00000000 00000000 00000000 00000000 00000000 00000000 00000000 00000000
    000007e0: 00000000 00000000 00000000 00000000 00000000 00000000 00000000 00000000
  Compute queue on device 11d8
    00000000: c0310800 00005024 00001400 00000001 00000001 00000000 00000000 00000000
    00000020: 00000040 00000001 00000001 00000001 00000000 723e8a61 0000017f 00000003
    00000040: 00000000 00000000 00000000 008c00c2 000000c4 00000000 00000000 ffffffff
    00000060: ffffffff 00000000 ffffffff ffffffff 00000000 00000000 00000000 00000000
    00000080: 00000000 00000002 00000000 00000000 00000000 00000000 00000000 00000000
    000000a0: 00000000 00000000 ffffffff 00000000 00000000 00000000 00000000 00000000
    000000c0: 00000000 00000000 00000000 00000000 00000000 00000000 00000000 00000000
    000000e0: 00000000 00000000 00000000 00000000 00000000 00000000 00000000 00000000
    00000100: 00000000 3e8b4060 00007f72 00000000 00000000 00000000 00000000 00000000
    00000120: 00000000 00000000 00000000 00000000 00000000 00000000 00000000 00000000
    00000140: 00000000 00002800 00000000 00000000 00000000 00000000 00000000 00000000
    00000160: 1b167714 800021f8 1b167930 000021f8 00000000 00000000 00000000 00000000
    00000180: 00000004 00000000 00000000 00000000 00000000 00000000 00000000 00000000
    000001a0: 00000000 00000000 00000000 00000000 00000000 00000000 00000000 00000000
    000001c0: 00000000 00000000 00000003 00000000 00000000 00000000 00000000 00000000
    000001e0: 00000000 00000000 00000000 00000000 00000000 00000000 00000000 00000000
    00000200: 01563e00 00000000 00000001 00000909 40005301 00000001 00000000 00000111
    00000220: 723e8ca0 0000007f 00000040 3e8cc080 00007f72 3e8cc038 00007f72 60004002
    00000240: 00000000 1808c509 3e8c0000 00007f72 00000008 00300000 00000000 00000000
    00000260: 00000000 00000000 00000000 00000000 00000000 00000000 00000000 00000000
    00000280: 40004000 00000000 00000100 00000000 00000000 723e8c60 0000007f 00000009
    000002a0: 40000020 03ff8020 00000000 2d400000 00007f71 00000000 00004000 00004000
    000002c0: 00004000 00d4c000 00000000 00000000 00000020 00000001 00000040 00000000
    000002e0: 00000000 00000000 00000000 00000000 00000000 00000000 00000000 00000000
    00000300: 00000000 00000000 00000000 00000000 00000000 00000000 00000000 00000000
    00000320: 00000000 00000000 00000000 00000000 00000000 00000000 00000000 00000000
    00000340: 00000000 00000000 00000000 00000000 00000000 00000000 00000000 00000000
    00000360: 00000000 00000000 00000000 00000000 00000000 00000000 00000000 00000000
    00000380: 00000000 00000000 00000000 00000000 00000000 00000000 00000000 00000000
    000003a0: 00000000 00000000 00000000 00000000 00000000 00000000 00000000 00000000
    000003c0: 00000000 00000000 00000000 00000000 00000000 00000000 00000000 00000000
    000003e0: 00000000 00000000 00000000 00000000 00000000 00000000 00000000 00000000
    00000400: 00000000 00000000 00000000 00000000 00000000 00000000 00000000 00000000
    00000420: 00000000 00000000 00000000 00000000 00000000 00000000 00000000 00000000
    00000440: 00000000 00000000 00000000 00000000 00000000 00000000 00000000 00000000
    00000460: 00000000 00000000 00000000 00000000 00000000 00000000 00000000 00000000
    00000480: 00000000 00000000 00000000 00000000 00000000 00000000 00000000 00000000
    000004a0: 00000000 00000000 00000000 00000000 00000000 00000000 00000000 00000000
    000004c0: 00000000 00000000 00000000 00000000 00000000 00000000 00000000 00000000
    000004e0: 00000000 00000000 00000000 00000000 00000000 00000000 00000000 00000000
    00000500: 00000000 00000000 00000000 00000000 00000000 00000000 00000000 00000000
    00000520: 00000000 00000000 00000000 00000000 00000000 00000000 00000000 00000000
    00000540: 00000000 00000000 00000000 00000000 00000000 00000000 00000000 00000000
    00000560: 00000000 00000000 00000000 00000000 00000000 00000000 00000000 00000000
    00000580: 00000000 00000000 00000000 00000000 00000000 00000000 00000000 00000000
    000005a0: 00000000 00000000 00000000 00000000 00000000 00000000 00000000 00000000
    000005c0: 00000000 00000000 00000000 00000000 00000000 00000000 00000000 00000000
    000005e0: 00000000 00000000 00000000 00000000 00000000 00000000 00000000 00000000
    00000600: 00000000 00000000 00000000 00000000 00000000 00000000 00000000 00000000
    00000620: 00000000 00000000 00000000 00000000 00000000 00000000 00000000 00000000
    00000640: 00000000 00000000 00000000 00000000 00000000 00000000 00000000 00000000
    00000660: 00000000 00000000 00000000 00000000 00000000 00000000 00000000 00000000
    00000680: 00000000 00000000 00000000 00000000 00000000 00000000 00000000 00000000
    000006a0: 00000000 00000000 00000000 00000000 00000000 00000000 00000000 00000000
    000006c0: 00000000 00000000 00000000 00000000 00000000 00000000 00000000 00000000
    000006e0: 00000000 00000000 00000000 00000000 00000000 00000000 00000000 00000000
    00000700: 00000000 00000000 00000000 00000000 00000000 00000000 00000000 00000000
    00000720: 00000000 00000000 00000000 00000000 00000000 00000000 00000000 00000000
    00000740: 00000000 00000000 00000000 00000000 00000000 00000000 00000000 00000000
    00000760: 00000000 00000000 00000000 00000000 00000000 00000000 00000000 00000000
    00000780: 00000000 00000000 00000000 00000000 00000000 00000000 00000000 00000000
    000007a0: 00000000 00000000 00000000 00000000 00000000 00000000 00000000 00000000
    000007c0: 00000000 00000000 00000000 00000000 00000000 00000000 00000000 00000000
    000007e0: 00000000 00000000 00000000 00000000 00000000 00000000 00000000 00000000
