2 0 32 1 1 1 16 0 0 0 0 0 0 0 0 0 0 0 0 0 0 0 0 2 0 32 1 1 1 4 128 128 128 0 32 1 1 1 4 128 128 128 node_36
2 0 2048 1 1 1 16 0 0 0 0 0 0 0 0 0 0 0 0 0 0 0 0 2 0 2048 1 1 1 4 8192 8192 8192 0 2048 1 1 1 4 8192 8192 8192 attn_residual-0
2 0 2048 1 1 1 16 0 0 0 0 0 0 0 0 0 0 0 0 0 0 0 0 2 0 2048 1 1 1 4 8192 8192 8192 0 2048 1 1 1 4 65536 65536 65536 node_87
2 0 2048 1 1 1 16 0 0 0 0 0 0 0 0 0 0 0 0 0 0 0 0 2 0 2048 1 1 1 4 65536 65536 65536 0 2048 1 1 1 4 65536 65536 65536 node_86
7 0 32 1 1 1 16 0 0 0 0 0 0 0 0 0 0 0 0 0 0 0 0 2 0 32 1 1 1 4 128 128 128 0 32 1 1 1 4 128 128 128 gate-0
7 0 128 32 1 1 16 0 0 0 0 0 0 0 0 0 0 0 0 0 0 0 0 2 0 128 32 1 1 4 512 16384 16384 0 128 1 1 1 4 512 512 512 node_50
7 0 128 32 1 1 16 0 0 0 0 0 0 0 0 0 0 0 0 0 0 0 0 2 0 128 32 1 1 4 512 16384 16384 0 128 32 1 1 4 512 16384 16384 node_54
7 0 256 2 1 1 16 0 0 0 0 0 0 0 0 0 0 0 0 0 0 0 0 2 0 256 2 1 1 4 1024 2048 2048 0 256 1 1 1 4 1024 1024 1024 Kcur_normed-3
7 0 256 16 1 1 16 0 0 0 0 0 0 0 0 0 0 0 0 0 0 0 0 2 0 256 16 1 1 4 1024 16384 16384 0 256 1 1 1 4 1024 1024 1024 Qcur_normed-3
7 0 2048 1 1 1 16 0 0 0 0 0 0 0 0 0 0 0 0 0 0 0 0 2 0 2048 1 1 1 4 8192 8192 8192 0 1 1 1 1 4 4 4 4 ffn_shexp_gated-0
7 0 2048 1 1 1 16 0 0 0 0 0 0 0 0 0 0 0 0 0 0 0 0 2 0 2048 1 1 1 4 8192 8192 8192 0 2048 1 1 1 4 8192 8192 8192 attn_norm-0
7 0 2048 8 1 1 16 0 0 0 0 0 0 0 0 0 0 0 0 0 0 0 0 2 0 2048 8 1 1 4 8192 65536 65536 0 1 8 1 1 4 4 32 32 ffn_moe_weighted-0
7 0 4096 1 1 1 16 0 0 0 0 0 0 0 0 0 0 0 0 0 0 0 0 2 0 4096 1 1 1 4 16384 16384 16384 0 4096 1 1 1 4 16384 16384 16384 attn_gated-3
8 0 8 1 1 1 16 0 0 0 0 0 0 0 0 0 0 0 0 0 0 0 0 2 0 8 1 1 1 4 32 32 32 0 1 1 1 1 4 4 4 4 ffn_moe_weights_norm-0
15 0 1 1 1 1 16 0 0 0 0 0 0 0 0 0 0 0 0 0 0 0 0 1 0 8 1 1 1 4 32 32 32 ffn_moe_weights_sum-0
22 0 4 8192 1 1 16 0 0 0 0 0 0 0 0 0 0 0 0 0 0 0 0 2 0 3 8192 1 1 4 12 98304 98304 0 1 8192 1 1 32768 4 32768 32768 conv_input-0
25 0 128 32 1 1 16 897988541 0 0 0 0 0 0 0 0 0 0 0 0 0 0 0 1 0 128 32 1 1 4 512 16384 16384 norm-0
25 0 256 2 1 1 16 897988541 0 0 0 0 0 0 0 0 0 0 0 0 0 0 0 1 0 256 2 1 1 4 1024 2048 2048 norm-3
25 0 256 16 1 1 16 897988541 0 0 0 0 0 0 0 0 0 0 0 0 0 0 0 1 0 256 16 1 1 4 2048 32768 32768 norm-3
25 0 2048 1 1 1 16 897988541 0 0 0 0 0 0 0 0 0 0 0 0 0 0 0 1 0 2048 1 1 1 4 8192 8192 8192 norm-0
28 0 128 16 1 1 16 897988541 0 0 0 0 0 0 0 0 0 0 0 0 0 0 0 1 0 128 16 1 1 4 512 32768 32768 q_conv_predelta-0
29 0 1 1 1 1 16 0 0 0 0 0 0 0 0 0 0 0 0 0 0 0 0 2 0 2048 1 1 1 4 8192 8192 8192 0 2048 1 1 1 4 8192 8192 8192 shared_expert_gate-0
29 0 32 1 1 1 16 0 0 0 0 0 0 0 0 0 0 0 0 0 0 0 0 2 0 2048 32 1 1 4 8192 262144 262144 0 2048 1 1 1 4 8192 8192 8192 node_34
29 0 256 1 1 1 16 0 0 0 0 0 0 0 0 0 0 0 0 0 0 0 0 2 0 2048 256 1 1 4 8192 2097152 2097152 0 2048 1 1 1 4 8192 8192 8192 ffn_moe_logits-0
29 0 512 1 1 1 16 0 0 0 0 0 0 0 0 0 0 0 0 0 0 0 0 2 13 2048 512 1 1 176 1408 720896 720896 0 2048 1 1 1 4 8192 8192 8192 ffn_gate-0
29 0 2048 1 1 1 16 0 0 0 0 0 0 0 0 0 0 0 0 0 0 0 0 2 13 4096 2048 1 1 176 2816 5767168 5767168 0 4096 1 1 1 4 16384 16384 16384 attn_output-3
29 0 2048 1 1 1 16 0 0 0 0 0 0 0 0 0 0 0 0 0 0 0 0 2 14 512 2048 1 1 210 420 860160 860160 0 512 1 1 1 4 2048 2048 2048 ffn_shexp-0
29 0 2048 1 1 1 16 0 0 0 0 0 0 0 0 0 0 0 0 0 0 0 0 2 14 4096 2048 1 1 210 3360 6881280 6881280 0 4096 1 1 1 4 16384 16384 16384 linear_attn_out-0
29 0 4096 1 1 1 16 0 0 0 0 0 0 0 0 0 0 0 0 0 0 0 0 2 13 2048 4096 1 1 176 1408 5767168 5767168 0 2048 1 1 1 4 8192 8192 8192 z-0
29 0 8192 1 1 1 16 0 0 0 0 0 0 0 0 0 0 0 0 0 0 0 0 2 13 2048 8192 1 1 176 1408 11534336 11534336 0 2048 1 1 1 4 8192 8192 8192 node_13
29 0 248320 1 1 1 16 0 0 0 0 0 0 0 0 0 0 0 0 0 0 0 0 2 12 2048 248320 1 1 144 1152 286064640 286064640 0 2048 1 1 1 4 8192 8192 8192 result_output
30 0 512 8 1 1 16 0 0 0 0 0 0 0 0 0 0 0 0 0 0 0 0 3 16 2048 512 256 1 66 528 270336 69206016 0 2048 1 1 1 4 8192 8192 8192 26 8 1 1 1 4 1024 1024 1024 ffn_moe_gate-0
30 0 2048 8 1 1 16 0 0 0 0 0 0 0 0 0 0 0 0 0 0 0 0 3 18 512 2048 256 1 98 196 401408 102760448 0 512 8 1 1 4 2048 16384 16384 26 8 1 1 1 4 1024 1024 1024 ffn_moe_down-0
30 0 2048 8 1 1 16 0 0 0 0 0 0 0 0 0 0 0 0 0 0 0 0 3 23 512 2048 256 1 136 272 557056 142606336 0 512 8 1 1 4 2048 16384 16384 26 8 1 1 1 4 1024 1024 1024 ffn_moe_down-34
32 0 24576 1 1 1 16 0 0 0 0 0 0 0 0 0 0 0 0 0 0 0 0 1 0 24576 1 1 1 4 98304 98304 98304 cache_r_l0 (reshaped) (view) (view)
32 0 524288 1 1 1 16 0 0 0 0 0 0 0 0 0 0 0 0 0 0 0 0 1 0 524288 1 1 1 4 2097152 2097152 2097152 cache_s_l0 (reshaped) (view) (view)
34 0 24576 0 1 1 16 0 0 0 0 0 0 0 0 0 0 0 0 0 0 0 0 2 0 24576 0 1 1 4 98304 0 0 0 24576 0 1 1 4 98304 0 0 cache_r_l0 (view) (copy of )
34 0 24576 1 1 1 16 0 0 0 0 0 0 0 0 0 0 0 0 0 0 0 0 2 0 3 8192 1 1 4 16 131072 131072 0 24576 1 1 1 4 98304 98304 98304 conv_state_update-0 (copy of conv_state_last-0)
34 0 524288 0 1 1 16 0 0 0 0 0 0 0 0 0 0 0 0 0 0 0 0 2 0 524288 0 1 1 4 2097152 0 0 0 524288 0 1 1 4 2097152 0 0 cache_s_l0 (view) (copy of )
34 0 524288 1 1 1 16 0 0 0 0 0 0 0 0 0 0 0 0 0 0 0 0 2 0 128 128 32 1 4 512 65536 2097152 0 524288 1 1 1 4 2097152 2097152 2097152 cache_s_l0 (view) (copy of new_state-0)
35 0 4096 1 1 1 16 0 0 0 0 0 0 0 0 0 0 0 0 0 0 0 0 1 0 256 16 1 1 4 2048 32768 32768 gate_reshaped-3
40 0 1 8 1 1 16 0 0 0 0 0 0 0 0 0 0 0 0 0 0 0 0 2 0 1 256 1 1 4 4 1024 1024 26 8 1 1 1 4 1024 1024 1024 ffn_moe_weights-0
40 0 2048 1 1 1 16 0 0 0 0 0 0 0 0 0 0 0 0 0 0 0 0 2 0 2048 1 1 1 4 8192 8192 8192 26 1 1 1 1 4 4 4 4 result_norm
40 0 2048 1 1 1 16 0 0 0 0 0 0 0 0 0 0 0 0 0 0 0 0 2 13 2048 248320 1 1 176 1408 349634560 349634560 26 1 1 1 1 4 4 4 4 model.input_embed
40 0 24576 0 1 1 16 0 0 0 0 0 0 0 0 0 0 0 0 0 0 0 0 2 0 24576 1 1 1 4 98304 98304 98304 26 0 1 1 1 4 0 0 0 node_9
40 0 24576 1 1 1 16 0 0 0 0 0 0 0 0 0 0 0 0 0 0 0 0 2 0 24576 1 1 1 4 98304 98304 98304 26 1 1 1 1 4 4 4 4 conv_states-0
40 0 524288 0 1 1 16 0 0 0 0 0 0 0 0 0 0 0 0 0 0 0 0 2 0 524288 1 1 1 4 2097152 2097152 2097152 26 0 1 1 1 4 0 0 0 node_24
40 0 524288 1 1 1 16 0 0 0 0 0 0 0 0 0 0 0 0 0 0 0 0 2 0 524288 1 1 1 4 2097152 2097152 2097152 26 1 1 1 1 4 4 4 4 node_23
42 1 512 4096 1 1 16 0 0 0 0 0 0 0 0 0 0 0 0 0 0 0 0 3 0 512 1 1 1 4 2048 2048 2048 27 1 1 1 1 8 8 8 8 1 512 4096 1 1 2 1024 4194304 4194304 cache_k_l3 (view)
46 0 256 1 1 1 16 1065353216 0 0 0 0 0 0 0 0 0 0 0 0 0 0 0 1 0 256 1 1 1 4 1024 1024 1024 ffn_moe_probs-0
48 0 256 2 1 1 16 0 64 40 0 262144 1259902592 1065353216 0 1065353216 1107296256 1065353216 11 11 10 0 0 2 0 256 2 1 1 4 1024 2048 2048 26 4 1 1 1 4 16 16 16 Kcur-3
48 0 256 16 1 1 16 0 64 40 0 262144 1259902592 1065353216 0 1065353216 1107296256 1065353216 11 11 10 0 0 2 0 256 16 1 1 4 1024 16384 16384 26 4 1 1 1 4 16 16 16 Qcur-3
50 0 1 1 1 1 16 947912704 2139095040 0 0 0 0 0 0 0 0 0 0 0 0 0 0 1 0 1 1 1 1 4 4 4 4 ffn_moe_weights_sum_clamped-0
69 26 256 1 1 1 16 1 0 0 0 0 0 0 0 0 0 0 0 0 0 0 0 1 0 256 1 1 1 4 1024 1024 1024 ffn_moe_argsort-0
74 0 256 16 1 1 16 1031798784 0 0 10 0 0 0 0 0 0 0 0 0 0 0 0 4 0 256 1 16 1 4 16384 1024 16384 1 256 4096 2 1 2 1024 512 4194304 1 256 4096 2 1 2 1024 512 4194304 1 4096 1 1 1 2 8192 8192 8192 node_324
76 0 8192 1 1 1 16 0 0 0 0 0 0 0 0 0 0 0 0 0 0 0 0 2 0 4 8192 1 1 4 16 131072 131072 0 4 8192 1 1 4 16 131072 131072 conv_output_raw-0
86 0 4096 129 1 1 16 1 0 0 0 0 0 0 0 0 0 0 0 0 0 0 0 6 0 128 16 1 1 4 512 8192 8192 0 128 16 1 1 4 512 8192 8192 0 128 32 1 1 4 512 32768 32768 0 1 32 1 1 4 4 128 128 0 1 32 1 1 4 4 128 128 0 128 128 32 1 4 512 65536 2097152 node_44
91 0 1 1 1 1 16 7 0 0 0 0 0 0 0 0 0 0 0 0 0 0 0 1 0 1 1 1 1 4 4 4 4 shared_expert_gate_sigmoid-0
91 0 1 32 1 1 16 7 0 0 0 0 0 0 0 0 0 0 0 0 0 0 0 1 0 1 32 1 1 4 4 128 128 beta_sigmoid-0
91 0 32 1 1 1 16 15 0 0 0 0 0 0 0 0 0 0 0 0 0 0 0 1 0 32 1 1 1 4 128 128 128 a_softplus-0
91 0 128 32 1 1 16 10 0 0 0 0 0 0 0 0 0 0 0 0 0 0 0 1 0 128 32 1 1 4 512 16384 16384 node_53
91 0 4096 1 1 1 16 7 0 0 0 0 0 0 0 0 0 0 0 0 0 0 0 1 0 4096 1 1 1 4 16384 16384 16384 gate_sigmoid-3
91 0 8192 1 1 1 16 10 0 0 0 0 0 0 0 0 0 0 0 0 0 0 0 1 0 8192 1 1 1 4 32768 32768 32768 conv_output_silu-0
100 0 512 1 1 1 16 2 0 0 0 0 0 0 0 0 0 0 0 0 0 0 0 2 0 512 1 1 1 4 2048 2048 2048 0 512 1 1 1 4 2048 2048 2048 ffn_swiglu-0
100 0 512 8 1 1 16 2 0 0 0 0 0 0 0 0 0 0 0 0 0 0 0 2 0 512 8 1 1 4 2048 16384 16384 0 512 8 1 1 4 2048 16384 16384 ffn_moe_swiglu-0
