2 0 48 1 1 1 16 0 0 0 0 0 0 0 0 0 0 0 0 0 0 0 0 2 0 48 1 1 1 4 192 192 192 0 48 1 1 1 4 192 192 192 node_36
2 0 48 2048 1 1 16 0 0 0 0 0 0 0 0 0 0 0 0 0 0 0 0 2 0 48 2048 1 1 4 192 393216 393216 0 48 1 1 1 4 192 192 192 node_36
2 0 5120 1 1 1 16 0 0 0 0 0 0 0 0 0 0 0 0 0 0 0 0 2 0 5120 1 1 1 4 20480 20480 20480 0 5120 1 1 1 4 20480 20480 20480 attn_residual-0
2 0 5120 2048 1 1 16 0 0 0 0 0 0 0 0 0 0 0 0 0 0 0 0 2 0 5120 2048 1 1 4 20480 41943040 41943040 0 5120 2048 1 1 4 20480 41943040 41943040 attn_residual-0
7 0 48 1 1 1 16 0 0 0 0 0 0 0 0 0 0 0 0 0 0 0 0 2 0 48 1 1 1 4 192 192 192 0 48 1 1 1 4 192 192 192 gate-0
7 0 48 2048 1 1 16 0 0 0 0 0 0 0 0 0 0 0 0 0 0 0 0 2 0 48 2048 1 1 4 192 393216 393216 0 48 1 1 1 4 192 192 192 gate-0
7 0 128 48 1 1 16 0 0 0 0 0 0 0 0 0 0 0 0 0 0 0 0 2 0 128 48 1 1 4 512 24576 24576 0 128 1 1 1 4 512 512 512 node_50
7 0 128 48 1 1 16 0 0 0 0 0 0 0 0 0 0 0 0 0 0 0 0 2 0 128 48 1 1 4 512 24576 24576 0 128 48 1 1 4 512 24576 24576 node_54
7 0 128 48 2048 1 16 0 0 0 0 0 0 0 0 0 0 0 0 0 0 0 0 2 0 128 48 2048 1 4 512 24576 50331648 0 128 1 1 1 4 512 512 512 node_50
7 0 128 48 2048 1 16 0 0 0 0 0 0 0 0 0 0 0 0 0 0 0 0 2 0 128 48 2048 1 4 512 24576 50331648 0 128 48 2048 1 4 512 24576 50331648 node_54
7 0 256 4 1 1 16 0 0 0 0 0 0 0 0 0 0 0 0 0 0 0 0 2 0 256 4 1 1 4 1024 4096 4096 0 256 1 1 1 4 1024 1024 1024 Kcur_normed-3
7 0 256 4 2048 1 16 0 0 0 0 0 0 0 0 0 0 0 0 0 0 0 0 2 0 256 4 2048 1 4 1024 4096 8388608 0 256 1 1 1 4 1024 1024 1024 Kcur_normed-3
7 0 256 24 1 1 16 0 0 0 0 0 0 0 0 0 0 0 0 0 0 0 0 2 0 256 24 1 1 4 1024 24576 24576 0 256 1 1 1 4 1024 1024 1024 Qcur_normed-3
7 0 256 24 2048 1 16 0 0 0 0 0 0 0 0 0 0 0 0 0 0 0 0 2 0 256 24 2048 1 4 1024 24576 50331648 0 256 1 1 1 4 1024 1024 1024 Qcur_normed-3
7 0 5120 1 1 1 16 0 0 0 0 0 0 0 0 0 0 0 0 0 0 0 0 2 0 5120 1 1 1 4 20480 20480 20480 0 5120 1 1 1 4 20480 20480 20480 attn_norm-0
7 0 5120 2048 1 1 16 0 0 0 0 0 0 0 0 0 0 0 0 0 0 0 0 2 0 5120 2048 1 1 4 20480 41943040 41943040 0 5120 1 1 1 4 20480 20480 20480 attn_norm-0
7 0 6144 1 1 1 16 0 0 0 0 0 0 0 0 0 0 0 0 0 0 0 0 2 0 6144 1 1 1 4 24576 24576 24576 0 6144 1 1 1 4 24576 24576 24576 attn_gated-3
7 0 6144 2048 1 1 16 0 0 0 0 0 0 0 0 0 0 0 0 0 0 0 0 2 0 6144 2048 1 1 4 24576 50331648 50331648 0 6144 2048 1 1 4 24576 50331648 50331648 attn_gated-3
22 0 4 10240 1 1 16 0 0 0 0 0 0 0 0 0 0 0 0 0 0 0 0 2 0 3 10240 1 1 4 12 122880 122880 0 1 10240 1 1 40960 4 40960 40960 conv_input-0
22 0 2051 10240 1 1 16 0 0 0 0 0 0 0 0 0 0 0 0 0 0 0 0 2 0 3 10240 1 1 4 12 122880 122880 0 2048 10240 1 1 40960 4 83886080 83886080 conv_input-0
25 0 128 48 1 1 16 897988541 0 0 0 0 0 0 0 0 0 0 0 0 0 0 0 1 0 128 48 1 1 4 512 24576 24576 norm-0
25 0 128 48 2048 1 16 897988541 0 0 0 0 0 0 0 0 0 0 0 0 0 0 0 1 0 128 48 2048 1 4 512 24576 50331648 norm-0
25 0 256 4 1 1 16 897988541 0 0 0 0 0 0 0 0 0 0 0 0 0 0 0 1 0 256 4 1 1 4 1024 4096 4096 norm-3
25 0 256 4 2048 1 16 897988541 0 0 0 0 0 0 0 0 0 0 0 0 0 0 0 1 0 256 4 2048 1 4 1024 4096 8388608 norm-3
25 0 256 24 1 1 16 897988541 0 0 0 0 0 0 0 0 0 0 0 0 0 0 0 1 0 256 24 1 1 4 2048 49152 49152 norm-3
25 0 256 24 2048 1 16 897988541 0 0 0 0 0 0 0 0 0 0 0 0 0 0 0 1 0 256 24 2048 1 4 2048 49152 100663296 norm-3
25 0 5120 1 1 1 16 897988541 0 0 0 0 0 0 0 0 0 0 0 0 0 0 0 1 0 5120 1 1 1 4 20480 20480 20480 norm-0
25 0 5120 2048 1 1 16 897988541 0 0 0 0 0 0 0 0 0 0 0 0 0 0 0 1 0 5120 2048 1 1 4 20480 41943040 41943040 norm-0
28 0 128 16 1 1 16 897988541 0 0 0 0 0 0 0 0 0 0 0 0 0 0 0 1 0 128 16 1 1 4 512 40960 40960 q_conv_predelta-0
28 0 128 16 2048 1 16 897988541 0 0 0 0 0 0 0 0 0 0 0 0 0 0 0 1 0 128 16 2048 1 4 512 40960 83886080 q_conv_predelta-0
29 0 48 1 1 1 16 0 0 0 0 0 0 0 0 0 0 0 0 0 0 0 0 2 23 5120 48 1 1 136 2720 130560 130560 0 5120 1 1 1 4 20480 20480 20480 node_34
29 0 48 1 1 1 16 0 0 0 0 0 0 0 0 0 0 0 0 0 0 0 0 2 29 5120 48 1 1 56 1120 53760 53760 0 5120 1 1 1 4 20480 20480 20480 node_40
29 0 48 2048 1 1 16 0 0 0 0 0 0 0 0 0 0 0 0 0 0 0 0 2 23 5120 48 1 1 136 2720 130560 130560 0 5120 2048 1 1 4 20480 41943040 41943040 node_34
29 0 48 2048 1 1 16 0 0 0 0 0 0 0 0 0 0 0 0 0 0 0 0 2 29 5120 48 1 1 56 1120 53760 53760 0 5120 2048 1 1 4 20480 41943040 41943040 node_40
29 0 1024 1 1 1 16 0 0 0 0 0 0 0 0 0 0 0 0 0 0 0 0 2 23 5120 1024 1 1 136 2720 2785280 2785280 0 5120 1 1 1 4 20480 20480 20480 Vcur-3
29 0 1024 2048 1 1 16 0 0 0 0 0 0 0 0 0 0 0 0 0 0 0 0 2 23 5120 1024 1 1 136 2720 2785280 2785280 0 5120 2048 1 1 4 20480 41943040 41943040 Vcur-3
29 0 5120 1 1 1 16 0 0 0 0 0 0 0 0 0 0 0 0 0 0 0 0 2 21 6144 5120 1 1 110 2640 13516800 13516800 0 6144 1 1 1 4 24576 24576 24576 attn_output-3
29 0 5120 1 1 1 16 0 0 0 0 0 0 0 0 0 0 0 0 0 0 0 0 2 21 17408 5120 1 1 110 7480 38297600 38297600 0 17408 1 1 1 4 69632 69632 69632 ffn_out-0
29 0 5120 1 1 1 16 0 0 0 0 0 0 0 0 0 0 0 0 0 0 0 0 2 23 6144 5120 1 1 136 3264 16711680 16711680 0 6144 1 1 1 4 24576 24576 24576 linear_attn_out-0
29 0 5120 2048 1 1 16 0 0 0 0 0 0 0 0 0 0 0 0 0 0 0 0 2 21 6144 5120 1 1 110 2640 13516800 13516800 0 6144 2048 1 1 4 24576 50331648 50331648 attn_output-3
29 0 5120 2048 1 1 16 0 0 0 0 0 0 0 0 0 0 0 0 0 0 0 0 2 21 17408 5120 1 1 110 7480 38297600 38297600 0 17408 2048 1 1 4 69632 142606336 142606336 ffn_out-0
29 0 5120 2048 1 1 16 0 0 0 0 0 0 0 0 0 0 0 0 0 0 0 0 2 23 6144 5120 1 1 136 3264 16711680 16711680 0 6144 2048 1 1 4 24576 50331648 50331648 linear_attn_out-0
29 0 6144 1 1 1 16 0 0 0 0 0 0 0 0 0 0 0 0 0 0 0 0 2 18 5120 6144 1 1 98 1960 12042240 12042240 0 5120 1 1 1 4 20480 20480 20480 z-0
29 0 6144 2048 1 1 16 0 0 0 0 0 0 0 0 0 0 0 0 0 0 0 0 2 18 5120 6144 1 1 98 1960 12042240 12042240 0 5120 2048 1 1 4 20480 41943040 41943040 z-0
29 0 10240 1 1 1 16 0 0 0 0 0 0 0 0 0 0 0 0 0 0 0 0 2 21 5120 10240 1 1 110 2200 22528000 22528000 0 5120 1 1 1 4 20480 20480 20480 node_13
29 0 10240 2048 1 1 16 0 0 0 0 0 0 0 0 0 0 0 0 0 0 0 0 2 21 5120 10240 1 1 110 2200 22528000 22528000 0 5120 2048 1 1 4 20480 41943040 41943040 node_13
29 0 12288 1 1 1 16 0 0 0 0 0 0 0 0 0 0 0 0 0 0 0 0 2 23 5120 12288 1 1 136 2720 33423360 33423360 0 5120 1 1 1 4 20480 20480 20480 Qcur_full-3
29 0 12288 2048 1 1 16 0 0 0 0 0 0 0 0 0 0 0 0 0 0 0 0 2 23 5120 12288 1 1 136 2720 33423360 33423360 0 5120 2048 1 1 4 20480 41943040 41943040 Qcur_full-3
29 0 17408 1 1 1 16 0 0 0 0 0 0 0 0 0 0 0 0 0 0 0 0 2 18 5120 17408 1 1 98 1960 34119680 34119680 0 5120 1 1 1 4 20480 20480 20480 ffn_gate-0
29 0 17408 1 1 1 16 0 0 0 0 0 0 0 0 0 0 0 0 0 0 0 0 2 21 5120 17408 1 1 110 2200 38297600 38297600 0 5120 1 1 1 4 20480 20480 20480 ffn_up-0
29 0 17408 2048 1 1 16 0 0 0 0 0 0 0 0 0 0 0 0 0 0 0 0 2 18 5120 17408 1 1 98 1960 34119680 34119680 0 5120 2048 1 1 4 20480 41943040 41943040 ffn_gate-0
29 0 17408 2048 1 1 16 0 0 0 0 0 0 0 0 0 0 0 0 0 0 0 0 2 21 5120 17408 1 1 110 2200 38297600 38297600 0 5120 2048 1 1 4 20480 41943040 41943040 ffn_up-0
29 0 248320 1 1 1 16 0 0 0 0 0 0 0 0 0 0 0 0 0 0 0 0 2 13 5120 248320 1 1 176 3520 874086400 874086400 0 5120 1 1 1 4 20480 20480 20480 result_output
29 0 248320 2048 1 1 16 0 0 0 0 0 0 0 0 0 0 0 0 0 0 0 0 2 13 5120 248320 1 1 176 3520 874086400 874086400 0 5120 2048 1 1 4 20480 41943040 41943040 result_output
32 0 30720 1 1 1 16 0 0 0 0 0 0 0 0 0 0 0 0 0 0 0 0 1 0 30720 1 1 1 4 122880 122880 122880 cache_r_l0 (reshaped) (view) (view)
32 0 786432 1 1 1 16 0 0 0 0 0 0 0 0 0 0 0 0 0 0 0 0 1 0 786432 1 1 1 4 3145728 3145728 3145728 cache_s_l0 (reshaped) (view) (view)
34 0 30720 0 1 1 16 0 0 0 0 0 0 0 0 0 0 0 0 0 0 0 0 2 0 30720 0 1 1 4 122880 0 0 0 30720 0 1 1 4 122880 0 0 cache_r_l0 (view) (copy of )
34 0 30720 1 1 1 16 0 0 0 0 0 0 0 0 0 0 0 0 0 0 0 0 2 0 3 10240 1 1 4 16 163840 163840 0 30720 1 1 1 4 122880 122880 122880 conv_state_update-0 (copy of conv_state_last-0)
34 0 30720 1 1 1 16 0 0 0 0 0 0 0 0 0 0 0 0 0 0 0 0 2 0 3 10240 1 1 4 8204 84008960 84008960 0 30720 1 1 1 4 122880 122880 122880 conv_state_update-0 (copy of conv_state_last-0)
34 0 786432 0 1 1 16 0 0 0 0 0 0 0 0 0 0 0 0 0 0 0 0 2 0 786432 0 1 1 4 3145728 0 0 0 786432 0 1 1 4 3145728 0 0 cache_s_l0 (view) (copy of )
34 0 786432 1 1 1 16 0 0 0 0 0 0 0 0 0 0 0 0 0 0 0 0 2 0 128 128 48 1 4 512 65536 3145728 0 786432 1 1 1 4 3145728 3145728 3145728 cache_s_l0 (view) (copy of new_state-0)
35 0 6144 1 1 1 16 0 0 0 0 0 0 0 0 0 0 0 0 0 0 0 0 1 0 256 24 1 1 4 2048 49152 49152 gate_reshaped-3
35 0 6144 2048 1 1 16 0 0 0 0 0 0 0 0 0 0 0 0 0 0 0 0 1 0 256 24 2048 1 4 2048 49152 100663296 gate_reshaped-3
40 0 5120 1 1 1 16 0 0 0 0 0 0 0 0 0 0 0 0 0 0 0 0 2 0 5120 1 1 1 4 20480 20480 20480 26 1 1 1 1 4 4 4 4 result_norm
40 0 5120 1 1 1 16 0 0 0 0 0 0 0 0 0 0 0 0 0 0 0 0 2 10 5120 248320 1 1 84 1680 417177600 417177600 26 1 1 1 1 4 4 4 4 model.input_embed
40 0 5120 2048 1 1 16 0 0 0 0 0 0 0 0 0 0 0 0 0 0 0 0 2 0 5120 2048 1 1 4 20480 41943040 41943040 26 2048 1 1 1 4 8192 8192 8192 result_norm
40 0 5120 2048 1 1 16 0 0 0 0 0 0 0 0 0 0 0 0 0 0 0 0 2 10 5120 248320 1 1 84 1680 417177600 417177600 26 2048 1 1 1 4 8192 8192 8192 model.input_embed
40 0 30720 0 1 1 16 0 0 0 0 0 0 0 0 0 0 0 0 0 0 0 0 2 0 30720 1 1 1 4 122880 122880 122880 26 0 1 1 1 4 0 0 0 node_9
40 0 30720 1 1 1 16 0 0 0 0 0 0 0 0 0 0 0 0 0 0 0 0 2 0 30720 1 1 1 4 122880 122880 122880 26 1 1 1 1 4 4 4 4 conv_states-0
40 0 786432 0 1 1 16 0 0 0 0 0 0 0 0 0 0 0 0 0 0 0 0 2 0 786432 1 1 1 4 3145728 3145728 3145728 26 0 1 1 1 4 0 0 0 node_24
40 0 786432 1 1 1 16 0 0 0 0 0 0 0 0 0 0 0 0 0 0 0 0 2 0 786432 1 1 1 4 3145728 3145728 3145728 26 1 1 1 1 4 4 4 4 node_23
42 1 1024 4096 1 1 16 0 0 0 0 0 0 0 0 0 0 0 0 0 0 0 0 3 0 1024 1 1 1 4 4096 4096 4096 27 1 1 1 1 8 8 8 8 1 1024 4096 1 1 2 2048 8388608 8388608 cache_k_l3 (view)
42 1 1024 4096 1 1 16 0 0 0 0 0 0 0 0 0 0 0 0 0 0 0 0 3 0 1024 2048 1 1 4 4096 8388608 8388608 27 2048 1 1 1 8 16384 16384 16384 1 1024 4096 1 1 2 2048 8388608 8388608 cache_k_l3 (view)
48 0 256 4 1 1 16 0 64 40 0 262144 1259902592 1065353216 0 1065353216 1107296256 1065353216 11 11 10 0 0 2 0 256 4 1 1 4 1024 4096 4096 26 4 1 1 1 4 16 16 16 Kcur-3
48 0 256 4 2048 1 16 0 64 40 0 262144 1259902592 1065353216 0 1065353216 1107296256 1065353216 11 11 10 0 0 2 0 256 4 2048 1 4 1024 4096 8388608 26 8192 1 1 1 4 32768 32768 32768 Kcur-3
48 0 256 24 1 1 16 0 64 40 0 262144 1259902592 1065353216 0 1065353216 1107296256 1065353216 11 11 10 0 0 2 0 256 24 1 1 4 1024 24576 24576 26 4 1 1 1 4 16 16 16 Qcur-3
48 0 256 24 2048 1 16 0 64 40 0 262144 1259902592 1065353216 0 1065353216 1107296256 1065353216 11 11 10 0 0 2 0 256 24 2048 1 4 1024 24576 50331648 26 8192 1 1 1 4 32768 32768 32768 Qcur-3
74 0 256 24 1 1 16 1031798784 0 0 10 0 0 0 0 0 0 0 0 0 0 0 0 4 0 256 1 24 1 4 24576 1024 24576 1 256 4096 4 1 2 2048 512 8388608 1 256 4096 4 1 2 2048 512 8388608 1 4096 1 1 1 2 8192 8192 8192 node_216
74 0 256 24 2048 1 16 1031798784 0 0 10 0 0 0 0 0 0 0 0 0 0 0 0 4 0 256 2048 24 1 4 24576 1024 50331648 1 256 4096 4 1 2 2048 512 8388608 1 256 4096 4 1 2 2048 512 8388608 1 4096 2048 1 1 2 8192 16777216 16777216 node_216
76 0 10240 1 1 1 16 0 0 0 0 0 0 0 0 0 0 0 0 0 0 0 0 2 0 4 10240 1 1 4 16 163840 163840 0 4 10240 1 1 4 16 163840 163840 conv_output_raw-0
76 0 10240 2048 1 1 16 0 0 0 0 0 0 0 0 0 0 0 0 0 0 0 0 2 0 2051 10240 1 1 4 8204 84008960 84008960 0 4 10240 1 1 4 16 163840 163840 conv_output_raw-0
86 0 6144 129 1 1 16 1 0 0 0 0 0 0 0 0 0 0 0 0 0 0 0 6 0 128 16 1 1 4 512 8192 8192 0 128 16 1 1 4 512 8192 8192 0 128 48 1 1 4 512 40960 40960 0 1 48 1 1 4 4 192 192 0 1 48 1 1 4 4 192 192 0 128 128 48 1 4 512 65536 3145728 node_44
86 0 6144 2176 1 1 16 1 0 0 0 0 0 0 0 0 0 0 0 0 0 0 0 6 0 128 16 2048 1 4 512 8192 16777216 0 128 16 2048 1 4 512 8192 16777216 0 128 48 2048 1 4 512 40960 83886080 0 1 48 2048 1 4 4 192 393216 0 1 48 2048 1 4 4 192 393216 0 128 128 48 1 4 512 65536 3145728 node_44
91 0 1 48 1 1 16 7 0 0 0 0 0 0 0 0 0 0 0 0 0 0 0 1 0 1 48 1 1 4 4 192 192 beta_sigmoid-0
91 0 1 48 2048 1 16 7 0 0 0 0 0 0 0 0 0 0 0 0 0 0 0 1 0 1 48 2048 1 4 4 192 393216 beta_sigmoid-0
91 0 48 1 1 1 16 15 0 0 0 0 0 0 0 0 0 0 0 0 0 0 0 1 0 48 1 1 1 4 192 192 192 a_softplus-0
91 0 48 2048 1 1 16 15 0 0 0 0 0 0 0 0 0 0 0 0 0 0 0 1 0 48 2048 1 1 4 192 393216 393216 a_softplus-0
91 0 128 48 1 1 16 10 0 0 0 0 0 0 0 0 0 0 0 0 0 0 0 1 0 128 48 1 1 4 512 24576 24576 node_53
91 0 128 48 2048 1 16 10 0 0 0 0 0 0 0 0 0 0 0 0 0 0 0 1 0 128 48 2048 1 4 512 24576 50331648 node_53
91 0 6144 1 1 1 16 7 0 0 0 0 0 0 0 0 0 0 0 0 0 0 0 1 0 6144 1 1 1 4 24576 24576 24576 gate_sigmoid-3
91 0 6144 2048 1 1 16 7 0 0 0 0 0 0 0 0 0 0 0 0 0 0 0 1 0 6144 2048 1 1 4 24576 50331648 50331648 gate_sigmoid-3
91 0 10240 1 1 1 16 10 0 0 0 0 0 0 0 0 0 0 0 0 0 0 0 1 0 10240 1 1 1 4 40960 40960 40960 conv_output_silu-0
91 0 10240 2048 1 1 16 10 0 0 0 0 0 0 0 0 0 0 0 0 0 0 0 1 0 10240 2048 1 1 4 40960 83886080 83886080 conv_output_silu-0
100 0 17408 1 1 1 16 2 0 0 0 0 0 0 0 0 0 0 0 0 0 0 0 2 0 17408 1 1 1 4 69632 69632 69632 0 17408 1 1 1 4 69632 69632 69632 ffn_swiglu-0
100 0 17408 2048 1 1 16 2 0 0 0 0 0 0 0 0 0 0 0 0 0 0 0 2 0 17408 2048 1 1 4 69632 142606336 142606336 0 17408 2048 1 1 4 69632 142606336 142606336 ffn_swiglu-0
