1789549184 1000Mhz 58.0 61.2
1789549190 1000Mhz 57.0 61.0
1789549195 1000Mhz 57.0 60.5
1789549200 1500Mhz 76.0 62.0
1789549205 1500Mhz 76.0 77.2
1789549210 1500Mhz 75.0 79.2
1789549215 1500Mhz 78.0 82.1
1789549220 1500Mhz 81.0 82.2
1789549225 1500Mhz 80.0 83.9
1789549230 1500Mhz 80.0 84.0
1789549235 1500Mhz 82.0 85.6
1789549240 1500Mhz 82.0 85.6
1789549245 1000Mhz 65.0 83.4
1789549250 1000Mhz 63.0 80.4
1789549255 1000Mhz 64.0 77.6
1789549260 1500Mhz 79.0 83.2
1789549265 1500Mhz 84.0 84.2
1789549270 1500Mhz 81.0 86.4
1789549275 1500Mhz 79.0 86.2
1789549280 1500Mhz 85.0 87.1
1789549285 1500Mhz 86.0 86.9
1789549290 1500Mhz 86.0 88.0
1789549295 1500Mhz 84.0 87.8
1789549300 1000Mhz 67.0 85.8
1789549305 1000Mhz 65.0 82.6
1789549310 1000Mhz 64.0 79.9
1789549315 1500Mhz 81.0 85.4
1789549320 1500Mhz 83.0 86.4
1789549325 1500Mhz 86.0 88.2
1789549330 1500Mhz 87.0 88.1
1789549335 1500Mhz 87.0 88.9
1789549340 1500Mhz 85.0 88.6
1789549345 1500Mhz 90.0 89.6
1789549350 1500Mhz 82.0 89.5
1789549355 1000Mhz 68.0 87.5
1789549360 1000Mhz 67.0 84.4
1789549365 1000Mhz 65.0 81.5
1789549370 1500Mhz 85.0 85.6
1789549375 1500Mhz 82.0 86.6
1789549381 1500Mhz 84.0 88.8
1789549386 1500Mhz 81.0 88.8
1789549391 1500Mhz 88.0 89.6
1789549396 1500Mhz 87.0 89.5
1789549401 1500Mhz 90.0 90.4
1789549406 1500Mhz 90.0 90.2
1789549411 1000Mhz 69.0 88.4
1789549416 1000Mhz 67.0 85.2
1789549421 1000Mhz 66.0 82.2
1789549426 1500Mhz 84.0 86.2
1789549431 1500Mhz 86.0 86.9
1789549436 1500Mhz 89.0 88.9
1789549441 1500Mhz 89.0 88.9
1789549446 1500Mhz 90.0 89.8
1789549451 1500Mhz 84.0 89.6
1789549456 1500Mhz 85.0 90.5
1789549461 1500Mhz 89.0 90.4
1789549466 1000Mhz 69.0 88.6
1789549471 1000Mhz 68.0 85.4
1789549476 1000Mhz 66.0 82.5
1789549481 1500Mhz 86.0 86.6
1789549486 1500Mhz 86.0 87.4
1789549491 1500Mhz 89.0 89.2
1789549496 1500Mhz 90.0 89.2
1789549501 1500Mhz 87.0 90.2
1789549506 1500Mhz 84.0 90.1
1789549511 1500Mhz 90.0 91.0
1789549516 1500Mhz 89.0 90.9
1789549521 1000Mhz 70.0 89.0
1789549526 1000Mhz 68.0 85.8
1789549531 1000Mhz 67.0 82.9
1789549536 1500Mhz 85.0 87.1
1789549541 1500Mhz 83.0 87.9
1789549546 1500Mhz 91.0 89.8
1789549551 1500Mhz 87.0 89.6
1789549556 1500Mhz 91.0 90.5
1789549561 1500Mhz 90.0 90.2
1789549566 1500Mhz 86.0 91.2
1789549571 1500Mhz 87.0 91.0
1789549576 1000Mhz 70.0 89.1
1789549581 1000Mhz 68.0 85.9
1789549586 1000Mhz 67.0 83.0
1789549591 1500Mhz 82.0 87.5
1789549597 1500Mhz 85.0 88.2
1789549602 1500Mhz 87.0 90.2
1789549607 1500Mhz 90.0 90.1
1789549612 1500Mhz 90.0 91.0
1789549617 1500Mhz 85.0 90.9
1789549622 1500Mhz 93.0 91.6
1789549627 1500Mhz 88.0 91.4
1789549632 1000Mhz 70.0 89.4
1789549637 1000Mhz 69.0 86.1
1789549642 1000Mhz 67.0 83.2
1789549647 1500Mhz 88.0 87.6
1789549652 1500Mhz 88.0 88.2
1789549657 1500Mhz 87.0 90.1
1789549662 1500Mhz 85.0 90.0
1789549667 1500Mhz 91.0 90.9
1789549672 1500Mhz 89.0 90.6
1789549677 1500Mhz 89.0 91.6
1789549682 1500Mhz 90.0 91.4
1789549687 1000Mhz 70.0 89.4
1789549692 1000Mhz 68.0 86.2
1789549697 1000Mhz 68.0 83.5
1789549702 1500Mhz 88.0 88.5
1789549707 1500Mhz 85.0 89.2
1789549712 1500Mhz 89.0 91.1
1789549717 1500Mhz 87.0 90.9
1789549722 1500Mhz 91.0 91.6
1789549727 1500Mhz 92.0 91.4
1789549732 1500Mhz 92.0 92.2
1789549737 1500Mhz 86.0 92.0
1789549742 1000Mhz 70.0 89.8
1789549747 1000Mhz 69.0 86.5
1789549752 1500Mhz 85.0 83.9
1789549757 1500Mhz 85.0 88.1
1789549762 1500Mhz 90.0 88.6
1789549767 1500Mhz 88.0 90.5
1789549772 1500Mhz 84.0 90.2
1789549777 1500Mhz 89.0 91.4
1789549782 1500Mhz 90.0 91.0
1789549787 1500Mhz 93.0 92.1
1789549792 1500Mhz 87.0 91.8
1789549797 1000Mhz 70.0 89.4
1789549802 1000Mhz 69.0 86.2
1789549807 1500Mhz 87.0 84.0
1789549812 1500Mhz 83.0 88.1
1789549817 1500Mhz 89.0 88.8
1789549822 1500Mhz 86.0 90.5
1789549827 1500Mhz 89.0 90.4
1789549832 1500Mhz 85.0 91.4
1789549837 1500Mhz 86.0 91.1
1789549842 1500Mhz 87.0 92.1
1789549848 1500Mhz 90.0 91.8
1789549853 1000Mhz 70.0 89.2
1789549858 1000Mhz 69.0 86.1
1789549863 1500Mhz 89.0 84.9
1789549868 1500Mhz 88.0 88.8
1789549873 1500Mhz 88.0 89.5
1789549878 1500Mhz 89.0 91.0
1789549883 1500Mhz 92.0 90.8
1789549888 1500Mhz 87.0 91.6
1789549893 1500Mhz 90.0 91.2
1789549898 1500Mhz 88.0 92.2
1789549903 1500Mhz 89.0 92.0
1789549908 1000Mhz 70.0 89.1
1789549913 1000Mhz 69.0 86.1
1789549918 1500Mhz 90.0 85.9
1789549923 1500Mhz 85.0 89.0
1789549928 1500Mhz 91.0 90.0
1789549933 1500Mhz 85.0 91.1
1789549938 1500Mhz 90.0 91.1
1789549943 1500Mhz 86.0 92.0
1789549948 1500Mhz 93.0 91.8
1789549953 1500Mhz 89.0 92.8
1789549958 1500Mhz 87.0 92.4
1789549963 1000Mhz 70.0 89.4
1789549968 1000Mhz 69.0 86.2
1789549973 1500Mhz 90.0 86.5
1789549978 1500Mhz 89.0 88.9
1789549983 1500Mhz 92.0 90.1
1789549988 1500Mhz 91.0 91.0
1789549993 1500Mhz 92.0 91.1
1789549998 1500Mhz 90.0 91.8
1789550003 1500Mhz 92.0 91.8
1789550008 1500Mhz 93.0 92.5
1789550013 1500Mhz 78.0 92.0
1789550018 1000Mhz 70.0 88.9
1789550023 1000Mhz 69.0 85.9
1789550028 1500Mhz 90.0 87.6
1789550033 1500Mhz 83.0 89.4
1789550038 1500Mhz 92.0 91.1
1789550043 1500Mhz 92.0 91.5
1789550048 1500Mhz 90.0 92.0
1789550053 1500Mhz 92.0 92.2
1789550058 1000Mhz 84.0 92.5
1789550063 1500Mhz 87.0 91.0
1789550068 1500Mhz 87.0 91.0
1789550073 1000Mhz 70.0 88.2
1789550078 1000Mhz 68.0 85.2
1789550084 1500Mhz 90.0 85.6
1789550089 1500Mhz 83.0 88.2
1789550094 1500Mhz 91.0 89.6
1789550099 1500Mhz 85.0 90.6
1789550104 1500Mhz 91.0 90.8
1789550109 1500Mhz 86.0 91.5
1789550114 1500Mhz 89.0 91.4
1789550119 1500Mhz 86.0 92.2
1789550124 1500Mhz 79.0 91.8
1789550129 1000Mhz 70.0 88.8
1789550134 1000Mhz 69.0 85.8
1789550139 1500Mhz 89.0 87.0
1789550144 1500Mhz 84.0 88.9
1789550149 1500Mhz 90.0 90.4
1789550154 1500Mhz 86.0 91.0
1789550159 1500Mhz 93.0 91.4
1789550164 1500Mhz 85.0 91.8
1789550169 1500Mhz 93.0 92.0
1789550174 1500Mhz 86.0 92.4
1789550179 1500Mhz 77.0 91.8
1789550184 1000Mhz 70.0 88.5
1789550189 1000Mhz 68.0 85.5
1789550194 1500Mhz 86.0 87.4
1789550199 1500Mhz 90.0 89.0
1789550204 1500Mhz 90.0 90.6
1789550209 1500Mhz 86.0 91.1
1789550214 1500Mhz 92.0 91.8
1789550219 1500Mhz 92.0 91.9
1789550224 1500Mhz 91.0 92.4
1789550229 1500Mhz 93.0 92.5
1789550234 1000Mhz 73.0 91.6
1789550239 1000Mhz 70.0 88.4
1789550244 1000Mhz 68.0 85.4
1789550249 1500Mhz 91.0 88.1
1789550254 1500Mhz 91.0 89.2
1789550259 1500Mhz 88.0 91.0
1789550264 1500Mhz 85.0 91.1
1789550269 1500Mhz 91.0 92.0
1789550274 1500Mhz 87.0 92.0
1789550279 1000Mhz 79.0 91.8
1789550284 1500Mhz 88.0 90.8
1789550289 1500Mhz 77.0 90.8
1789550294 1000Mhz 70.0 87.6
1789550299 1000Mhz 68.0 84.6
1789550305 1500Mhz 86.0 87.0
1789550310 1500Mhz 82.0 88.6
1789550315 1500Mhz 91.0 90.4
1789550320 1500Mhz 89.0 90.8
1789550325 1500Mhz 87.0 91.5
1789550330 1500Mhz 90.0 91.5
1789550335 1500Mhz 93.0 92.1
1789550340 1500Mhz 91.0 92.4
1789550345 1000Mhz 72.0 91.4
1789550350 1000Mhz 69.0 88.1
1789550355 1000Mhz 68.0 85.1
1789550360 1500Mhz 86.0 88.1
1789550365 1500Mhz 89.0 89.1
1789550370 1500Mhz 91.0 91.0
1789550375 1500Mhz 86.0 91.0
1789550380 1500Mhz 90.0 91.9
1789550385 1500Mhz 90.0 91.9
1789550390 1500Mhz 94.0 92.9
1789550395 1500Mhz 87.0 92.9
