inv rep1 mean_rest ratio all_reps clock
  1   145.35    196.49  0.740 [145.4 189.7 198.2 198.3 198.1 198.3] 1000Mhz
  2   163.10    198.87  0.820 [163.1 198.9 199.0 199.0 198.7 198.7] 1000Mhz
  3   197.80    198.68  0.996 [197.8 198.7 198.7 198.6 198.6 198.8] 1000Mhz
  4   197.85    199.01  0.994 [197.9 199.0 199.2 199.0 199.0 198.9] 1000Mhz
  5   145.64    191.28  0.761 [145.6 165.3 198.0 197.8 197.8 197.5] 1000Mhz
  6   150.72    198.89  0.758 [150.7 199.1 198.9 198.9 198.7 198.9] 1000Mhz
  7   197.17    198.14  0.995 [197.2 198.1 198.2 198.1 198.1 198.1] 1000Mhz
  8   197.79    198.66  0.996 [197.8 198.7 198.7 198.6 198.6 198.7] 1000Mhz
  9   145.58    192.83  0.755 [145.6 170.5 198.3 198.0 198.6 198.7] 1000Mhz
 10   197.51    198.69  0.994 [197.5 198.7 198.7 198.8 198.7 198.6] 1000Mhz
 11   197.43    192.81  1.024 [197.4 193.3 190.5 193.3 195.1 191.9] 1000Mhz
 12   196.51    198.03  0.992 [196.5 198.3 198.5 198.6 197.2 197.5] 1000Mhz
 13   197.51    198.26  0.996 [197.5 198.3 198.2 198.3 198.2 198.3] 1000Mhz
 14   197.41    198.65  0.994 [197.4 198.7 198.5 198.7 198.6 198.6] 1000Mhz
 15   145.97    196.04  0.745 [146.0 184.4 198.6 198.6 199.3 199.3] 1000Mhz
 16   145.48    193.53  0.752 [145.5 173.0 198.8 198.7 198.6 198.6] 1000Mhz
 17   197.82    199.00  0.994 [197.8 198.8 199.1 199.0 199.1 199.0] 1000Mhz
 18   197.53    198.51  0.995 [197.5 198.7 198.6 198.4 198.5 198.3] 1000Mhz
 19   197.87    198.61  0.996 [197.9 198.7 198.7 198.5 198.6 198.5] 1000Mhz
 20   197.20    198.65  0.993 [197.2 198.5 198.8 198.6 198.7 198.7] 1000Mhz
 21   197.71    198.45  0.996 [197.7 198.5 198.5 198.4 198.4 198.5] 1000Mhz
 22   196.47    197.02  0.997 [196.5 197.3 197.5 197.3 195.6 197.3] 1000Mhz
 23   197.05    198.25  0.994 [197.0 197.8 198.1 198.3 198.5 198.4] 1000Mhz
 24   197.84    198.41  0.997 [197.8 198.5 198.5 198.4 198.5 198.2] 1000Mhz
 25   197.56    198.80  0.994 [197.6 198.5 198.7 199.0 199.0 198.9] 1000Mhz
 26   198.24    199.08  0.996 [198.2 199.2 199.0 199.0 199.2 199.0] 1000Mhz
 27   196.82    197.90  0.995 [196.8 197.9 197.9 197.9 197.9 197.9] 1000Mhz
 28   196.72    197.91  0.994 [196.7 197.6 197.9 198.1 198.0 197.9] 1000Mhz
 29   196.98    197.86  0.996 [197.0 198.0 198.0 197.8 197.7 197.8] 1000Mhz
 30   196.65    198.00  0.993 [196.7 197.8 197.8 197.7 198.3 198.4] 1000Mhz
DONE_G3

=== governor pinned at 1500, same test
clock now: 1: 1500Mhz *
== governor pinned at 1500
 0.994 [197.8 198.9 198.9 199.0 199.1 199.0]
 0.992 [196.7 197.8 197.9 198.3 198.6 198.5]
 0.992 [197.1 198.4 198.9 198.9 198.8 198.8]
 0.993 [197.3 198.5 199.0 198.6 198.7 198.7]
 0.993 [197.4 198.8 198.9 198.9 198.5 198.8]
 0.991 [196.2 197.5 198.0 198.1 198.1 198.2]
 0.997 [197.7 198.4 198.4 198.4 198.2 198.3]
 0.994 [197.8 199.0 198.9 199.0 199.0 198.9]
 0.996 [197.4 198.3 198.2 198.4 198.1 198.1]
 0.993 [197.5 198.6 198.7 199.1 199.3 199.1]
 0.997 [197.4 198.1 198.3 197.9 197.3 198.5]
 0.991 [196.8 198.2 198.7 198.6 198.7 198.7]
 0.993 [197.1 198.3 198.5 198.5 198.6 198.5]
 0.994 [197.5 198.8 198.8 198.7 198.9 198.8]
 0.993 [197.2 198.2 198.7 198.7 198.7 198.6]
 0.996 [197.3 198.1 198.1 197.9 198.1 198.2]
 0.995 [197.7 198.9 199.1 198.6 198.7 198.6]
 0.995 [197.1 198.1 198.2 198.0 198.1 198.2]
 0.995 [197.2 198.4 198.3 198.1 198.1 198.1]
 0.995 [197.4 198.1 198.2 198.0 198.5 198.8]
restored policy: -frequency:-min:1000-max:1500
clock after restore: 0: 1000Mhz *
DONE_G3B
