n_gen prewarm inv rep1 mean_rest ratio clock_at_start
    8       0   1   181.32    195.62  0.927 1000Mhz
    8       0   2   181.47    197.86  0.917 1000Mhz
    8       0   3   181.59    196.09  0.926 1000Mhz
    8       0   4   180.81    194.88  0.928 1000Mhz
    8       1   1   184.63    198.26  0.931 1500Mhz
    8       1   2   182.32    198.00  0.921 1500Mhz
    8       1   3   182.86    197.96  0.924 1500Mhz
    8       1   4   181.18    195.76  0.925 1500Mhz
   32       0   1   193.73    197.83  0.979 1000Mhz
   32       0   2   193.82    198.42  0.977 1000Mhz
   32       0   3   174.84    197.53  0.885 1000Mhz
   32       0   4   193.87    198.03  0.979 1000Mhz
   32       1   1   192.92    198.05  0.974 1500Mhz
   32       1   2   192.51    197.59  0.974 1500Mhz
   32       1   3   193.64    197.69  0.979 1500Mhz
   32       1   4   193.78    196.55  0.986 1500Mhz
  128       0   1   197.04    197.93  0.996 1000Mhz
  128       0   2   195.54    197.36  0.991 1000Mhz
  128       0   3   197.22    198.06  0.996 1000Mhz
  128       0   4   196.08    197.98  0.990 1000Mhz
  128       1   1   196.96    197.81  0.996 1500Mhz
  128       1   2   195.42    197.83  0.988 1500Mhz
  128       1   3   194.92    198.02  0.984 1500Mhz
  128       1   4   196.65    197.75  0.994 1500Mhz
DONE_REP1B

=== graphs on against off, ten invocations each
graphs n_gen inv rep1 mean_rest ratio
    on     8   1   181.06    197.96  0.915
    on     8   2   137.59    196.76  0.699
    on     8   3   181.19    195.64  0.926
    on     8   4   181.44    195.62  0.928
    on     8   5   182.37    197.51  0.923
    on     8   6   181.40    195.70  0.927
    on     8   7   181.05    196.16  0.923
    on     8   8   181.66    198.07  0.917
    on     8   9   184.60    198.19  0.931
    on     8  10   185.18    198.49  0.933
   off     8   1   196.25    197.95  0.991
   off     8   2   198.13    198.89  0.996
   off     8   3   197.28    198.43  0.994
   off     8   4   151.86    198.93  0.763
   off     8   5   197.15    198.49  0.993
   off     8   6   197.16    198.23  0.995
   off     8   7   197.62    198.84  0.994
   off     8   8   197.06    198.57  0.992
   off     8   9   155.80    198.23  0.786
   off     8  10   197.13    198.67  0.992
DONE_REP1D
