run  floor_us  GBs_at_1M  edge
  1     2.519      380.7  +70.0°C
  2     2.509      375.3  +71.0°C
  3     3.060      373.2  +71.0°C
  4     2.510      383.8  +71.0°C
  5     2.524      381.2  +71.0°C
  6     2.516      374.0  +72.0°C
  7     2.506      385.3  +73.0°C
  8     2.502      379.7  +73.0°C
  9     2.511      373.0  +73.0°C
 10     2.501      376.7  +73.0°C
 11     2.508      381.8  +74.0°C
 12     3.296      372.7  +74.0°C
 13     3.211      389.6  +73.0°C
 14     3.223      373.4  +74.0°C
