run  default  devkernarg  edge
  1    2.510       2.506  +68.0°C
  2    2.514       2.701  +69.0°C
  3    3.230       2.509  +69.0°C
  4    2.507       2.513  +71.0°C
  5    3.202       3.056  +71.0°C
  6    2.508       2.528  +72.0°C
  7    2.506       2.523  +72.0°C
  8    2.513       3.152  +72.0°C
  9    2.509       2.531  +73.0°C
 10    3.092       3.217  +73.0°C
 11    2.511       2.513  +73.0°C
 12    2.508       2.509  +74.0°C
 13    2.512       2.512  +73.0°C
 14    2.520       2.536  +74.0°C
 15    2.513       2.694  +74.0°C
