Process 61636 PASID 61636:
  Compute queue on device 11d8
    00000000: c0310800 0000d024 00000400 00000001 00000001 00000000 00000000 00000000
    00000020: 00000200 00000001 00000001 00000001 00000000 c6a9f37a 0000017f 00000049
    00000040: 00000000 00000000 00000000 60af0081 000000cc 00000000 00000000 ffffffff
    00000060: ffffffff 00000000 ffffffff ffffffff 00000000 00000000 00000000 00000000
    00000080: 00000000 0004f54d 00000000 00000000 00000000 00000000 00000000 00000000
    000000a0: 00000000 00000000 ffffffff 00000000 00000000 00000000 00000000 00000000
    000000c0: 00000000 00000000 00000000 00000000 00000000 00000000 00000000 00000000
    000000e0: 00000000 00000000 00000000 00000000 00000000 00000000 00000000 00000000
    00000100: 00000000 00000000 80000000 00000000 21c14fac 98e1cf80 00007fc5 00000000
    00000120: 00000000 00000000 00000000 00000000 00000000 00000000 00000000 00000000
    00000140: 00000000 13d53800 00000000 00000000 00000000 00000000 00000000 00000000
    00000160: 7fadb542 800001f1 7fadb1ba 000001f1 00000000 00000000 00000000 00000000
    00000180: 000a004d 00000000 00000000 00000000 00000000 00000000 00000000 00000000
    000001a0: 00000000 00000000 00000000 00000000 00000000 00000000 00000000 00000000
    000001c0: 00000000 00000000 00000000 00000000 00000000 00000000 00000000 00000000
    000001e0: 00000000 00000000 00000000 00000000 00000000 00000000 00000000 00000000
    00000200: 01564800 00000000 00000001 00000808 40005301 00000001 00000000 00000111
    00000220: c599e000 0000007f 00000000 ab7ac080 00007fc6 ab7ac038 00007fc6 6000400a
    00000240: 00000000 1808c511 00000000 00000000 00000000 00300000 00000000 00000000
    00000260: 00000000 00000000 00000000 00000000 00000000 00000000 00000000 00000000
    00000280: 40004000 00000000 00000100 00000000 00000000 c6ab7a80 0000007f 00000009
    000002a0: 40000000 03ff8000 00000000 99000000 00007fc5 00000000 00004000 00004000
    000002c0: 00004000 00d4c000 00000000 00000000 00000000 00000001 00000000 00000000
    000002e0: 00000000 00000000 00000000 00000000 00000000 00000000 00000000 00000000
    00000300: 00000000 00000000 00000000 00000000 00000000 00000000 00000000 00000000
    00000320: 00000000 00000000 00000000 00000000 00000000 00000000 00000000 00000000
    00000340: 00000000 00000000 00000000 00000000 00000000 00000000 00000000 00000000
    00000360: 00000000 00000000 00000000 00000000 00000000 00000000 00000000 00000000
    00000380: 00000000 00000000 00000000 00000000 00000000 00000000 00000000 00000000
    000003a0: 00000000 00000000 00000000 00000000 00000000 00000000 00000000 00000000
    000003c0: 00000000 00000000 00000000 00000000 00000000 00000000 00000000 00000000
    000003e0: 00000000 00000000 00000000 00000000 00000000 00000000 00000000 00000000
    00000400: 00000000 00000000 00000000 00000000 00000000 00000000 00000000 00000000
    00000420: 00000000 00000000 00000000 00000000 00000000 00000000 00000000 00000000
    00000440: 00000000 00000000 00000000 00000000 00000000 00000000 00000000 00000000
    00000460: 00000000 00000000 00000000 00000000 00000000 00000000 00000000 00000000
    00000480: 00000000 00000000 00000000 00000000 00000000 00000000 00000000 00000000
    000004a0: 00000000 00000000 00000000 00000000 00000000 00000000 00000000 00000000
    000004c0: 00000000 00000000 00000000 00000000 00000000 00000000 00000000 00000000
    000004e0: 00000000 00000000 00000000 00000000 00000000 00000000 00000000 00000000
    00000500: 00000000 00000000 00000000 00000000 00000000 00000000 00000000 00000000
    00000520: 00000000 00000000 00000000 00000000 00000000 00000000 00000000 00000000
    00000540: 00000000 00000000 00000000 00000000 00000000 00000000 00000000 00000000
    00000560: 00000000 00000000 00000000 00000000 00000000 00000000 00000000 00000000
    00000580: 00000000 00000000 00000000 00000000 00000000 00000000 00000000 00000000
    000005a0: 00000000 00000000 00000000 00000000 00000000 00000000 00000000 00000000
    000005c0: 00000000 00000000 00000000 00000000 00000000 00000000 00000000 00000000
    000005e0: 00000000 00000000 00000000 00000000 00000000 00000000 00000000 00000000
    00000600: 00000000 00000000 00000000 00000000 00000000 00000000 00000000 00000000
    00000620: 00000000 00000000 00000000 00000000 00000000 00000000 00000000 00000000
    00000640: 00000000 00000000 00000000 00000000 00000000 00000000 00000000 00000000
    00000660: 00000000 00000000 00000000 00000000 00000000 00000000 00000000 00000000
    00000680: 00000000 00000000 00000000 00000000 00000000 00000000 00000000 00000000
    000006a0: 00000000 00000000 00000000 00000000 00000000 00000000 00000000 00000000
    000006c0: 00000000 00000000 00000000 00000000 00000000 00000000 00000000 00000000
    000006e0: 00000000 00000000 00000000 00000000 00000000 00000000 00000000 00000000
    00000700: 00000000 00000000 00000000 00000000 00000000 00000000 00000000 00000000
    00000720: 00000000 00000000 00000000 00000000 00000000 00000000 00000000 00000000
    00000740: 00000000 00000000 00000000 00000000 00000000 00000000 00000000 00000000
    00000760: 00000000 00000000 00000000 00000000 00000000 00000000 00000000 00000000
    00000780: 00000000 00000000 00000000 00000000 00000000 00000000 00000000 00000000
    000007a0: 00000000 00000000 00000000 00000000 00000000 00000000 00000000 00000000
    000007c0: 00000000 00000000 00000000 00000000 00000000 00000000 00000000 00000000
    000007e0: 00000000 00000000 00000000 00000000 00000000 00000000 00000000 00000000
  Compute queue on device 11d8
    00000000: c0310800 00004000 00000000 00000000 00000000 00000000 00000000 00000000
    00000020: 00000000 00000000 00000000 00000001 00000000 00000000 00000000 00000000
    00000040: 00000000 00000000 00000000 00000000 00000000 00000000 00000000 ffffffff
    00000060: ffffffff 00000000 ffffffff ffffffff 00000000 00000000 00000000 00000000
    00000080: 00000000 00000000 00000000 00000000 00000000 00000000 00000000 00000000
    000000a0: 00000000 00000000 ffffffff 00000000 00000000 00000000 00000000 00000000
    000000c0: 00000000 00000000 00000000 00000000 00000000 00000000 00000000 00000000
    000000e0: 00000000 00000000 00000000 00000000 00000000 00000000 00000000 00000000
    00000100: 00000000 00000000 00000000 00000000 00000000 00000000 00000000 00000000
    00000120: 00000000 00000000 00000000 00000000 00000000 00000000 00000000 00000000
    00000140: 00000000 00000000 00000000 00000000 00000000 00000000 00000000 00000000
    00000160: 63d5e956 800001f1 63d5ebae 000001f1 00000000 00000000 00000000 00000000
    00000180: 00000001 00000000 00000000 00000000 00000000 00000000 00000000 00000000
    000001a0: 00000000 00000000 00000000 00000000 00000000 00000000 00000000 00000000
    000001c0: 00000000 00000000 00000003 00000000 00000000 00000000 00000000 00000000
    000001e0: 00000000 00000000 00000000 00000000 00000000 00000000 00000000 00000000
    00000200: 01563e00 00000000 00000001 00000808 40005301 00000001 00000000 80000111
    00000220: c6ab7b70 0000007f 00000010 ab7b9080 00007fc6 ab7b9038 00007fc6 e0004002
    00000240: 00000000 1808c509 ab7ae000 00007fc6 00000008 00300000 00000000 00000000
    00000260: 00000000 00000000 00000000 00000000 00000000 00000000 00000000 00000000
    00000280: 40004040 00000000 00000100 00000000 00000000 c6ab7b30 0000007f 00000009
    000002a0: 40000008 03ff8008 00000000 9a800000 00007fc5 00000000 00004000 00004000
    000002c0: 00004000 00d4c000 00000000 00000000 00000008 00000001 00000010 00000000
    000002e0: 00000000 00000000 00000000 00000000 00000000 00000000 00000000 00000000
    00000300: 00000000 00000000 00000000 00000000 00000000 00000000 00000000 00000000
    00000320: 00000000 00000000 00000000 00000000 00000000 00000000 00000000 00000000
    00000340: 00000000 00000000 00000000 00000000 00000000 00000000 00000000 00000000
    00000360: 00000000 00000000 00000000 00000000 00000000 00000000 00000000 00000000
    00000380: 00000000 00000000 00000000 00000000 00000000 00000000 00000000 00000000
    000003a0: 00000000 00000000 00000000 00000000 00000000 00000000 00000000 00000000
    000003c0: 00000000 00000000 00000000 00000000 00000000 00000000 00000000 00000000
    000003e0: 00000000 00000000 00000000 00000000 00000000 00000000 00000000 00000000
    00000400: 00000000 00000000 00000000 00000000 00000000 00000000 00000000 00000000
    00000420: 00000000 00000000 00000000 00000000 00000000 00000000 00000000 00000000
    00000440: 00000000 00000000 00000000 00000000 00000000 00000000 00000000 00000000
    00000460: 00000000 00000000 00000000 00000000 00000000 00000000 00000000 00000000
    00000480: 00000000 00000000 00000000 00000000 00000000 00000000 00000000 00000000
    000004a0: 00000000 00000000 00000000 00000000 00000000 00000000 00000000 00000000
    000004c0: 00000000 00000000 00000000 00000000 00000000 00000000 00000000 00000000
    000004e0: 00000000 00000000 00000000 00000000 00000000 00000000 00000000 00000000
    00000500: 00000000 00000000 00000000 00000000 00000000 00000000 00000000 00000000
    00000520: 00000000 00000000 00000000 00000000 00000000 00000000 00000000 00000000
    00000540: 00000000 00000000 00000000 00000000 00000000 00000000 00000000 00000000
    00000560: 00000000 00000000 00000000 00000000 00000000 00000000 00000000 00000000
    00000580: 00000000 00000000 00000000 00000000 00000000 00000000 00000000 00000000
    000005a0: 00000000 00000000 00000000 00000000 00000000 00000000 00000000 00000000
    000005c0: 00000000 00000000 00000000 00000000 00000000 00000000 00000000 00000000
    000005e0: 00000000 00000000 00000000 00000000 00000000 00000000 00000000 00000000
    00000600: 00000000 00000000 00000000 00000000 00000000 00000000 00000000 00000000
    00000620: 00000000 00000000 00000000 00000000 00000000 00000000 00000000 00000000
    00000640: 00000000 00000000 00000000 00000000 00000000 00000000 00000000 00000000
    00000660: 00000000 00000000 00000000 00000000 00000000 00000000 00000000 00000000
    00000680: 00000000 00000000 00000000 00000000 00000000 00000000 00000000 00000000
    000006a0: 00000000 00000000 00000000 00000000 00000000 00000000 00000000 00000000
    000006c0: 00000000 00000000 00000000 00000000 00000000 00000000 00000000 00000000
    000006e0: 00000000 00000000 00000000 00000000 00000000 00000000 00000000 00000000
    00000700: 00000000 00000000 00000000 00000000 00000000 00000000 00000000 00000000
    00000720: 00000000 00000000 00000000 00000000 00000000 00000000 00000000 00000000
    00000740: 00000000 00000000 00000000 00000000 00000000 00000000 00000000 00000000
    00000760: 00000000 00000000 00000000 00000000 00000000 00000000 00000000 00000000
    00000780: 00000000 00000000 00000000 00000000 00000000 00000000 00000000 00000000
    000007a0: 00000000 00000000 00000000 00000000 00000000 00000000 00000000 00000000
    000007c0: 00000000 00000000 00000000 00000000 00000000 00000000 00000000 00000000
    000007e0: 00000000 00000000 00000000 00000000 00000000 00000000 00000000 00000000
