% time     seconds  usecs/call     calls    errors syscall
------ ----------- ----------- --------- --------- ------------------
 82,25    4,314067          33    127743         8 ioctl
  5,86    0,307568         362       848           write
  5,31    0,278453         425       654           munmap
  3,16    0,165799          28      5766           read
  1,28    0,067099          26      2506      1223 unlink
  0,43    0,022348           4      5056       142 openat
  0,27    0,014298           2      5572      1667 futex
  0,27    0,014073          84       166           brk
  0,19    0,010026           1      9808           rt_sigaction
  0,18    0,009354           4      1909       686 mkdir
  0,13    0,006894           1      5056        82 newfstatat
  0,12    0,006123           0      6254           rt_sigprocmask
  0,11    0,005920           1      4914           close
  0,10    0,005483           1      4895           fstat
  0,10    0,005073           7       696           mmap
  0,08    0,004376           1      2595           getdents64
  0,08    0,004257           3      1223           rmdir
  0,04    0,002317           1      2271           lseek
  0,00    0,000209         209         1           execve
  0,00    0,000204           2        89           madvise
  0,00    0,000125           2        58           pread64
  0,00    0,000116           1        78         1 mbind
  0,00    0,000112           2        39         6 readlink
  0,00    0,000109           3        34           mprotect
  0,00    0,000074          14         5           clone3
  0,00    0,000067           1        51           get_mempolicy
  0,00    0,000064           1        49           sched_yield
  0,00    0,000041           1        35        29 access
  0,00    0,000034           0        61           fcntl
  0,00    0,000027           4         6           rseq
  0,00    0,000020           3         6           set_robust_list
  0,00    0,000014           1        13           getpid
  0,00    0,000014           0        15           getcwd
  0,00    0,000014           4         3           sched_setaffinity
  0,00    0,000004           4         1           sysinfo
  0,00    0,000003           1         2           sigaltstack
  0,00    0,000002           2         1           arch_prctl
  0,00    0,000002           2         1           eventfd2
  0,00    0,000001           1         1           set_tid_address
  0,00    0,000000           0         1           uname
  0,00    0,000000           0         2           ftruncate
  0,00    0,000000           0         3           rename
  0,00    0,000000           0         6           sched_getaffinity
  0,00    0,000000           0         2           prlimit64
  0,00    0,000000           0         2           getrandom
------ ----------- ----------- --------- --------- ------------------
100,00    5,244784          27    188497      3844 total
