% time     seconds  usecs/call     calls    errors syscall
------ ----------- ----------- --------- --------- ------------------
 82,06    0,837837         191      4379         8 ioctl
 14,65    0,149567          29      5007           read
  1,79    0,018253          71       256           munmap
  0,37    0,003741           0      4692      1734 futex
  0,32    0,003307           3       909       121 openat
  0,12    0,001259           4       298           mmap
  0,11    0,001103           1       991           lseek
  0,10    0,001005          25        40           write
  0,10    0,001001           1       788           close
  0,08    0,000776           1       761           fstat
  0,05    0,000469           2       179           getdents64
  0,04    0,000408           1       371        83 newfstatat
  0,03    0,000356          71         5           clone3
  0,03    0,000314           1       311           brk
  0,03    0,000313           8        39           sched_yield
  0,02    0,000199           1       176           rt_sigaction
  0,02    0,000181           2        82           madvise
  0,02    0,000179           6        28        12 mkdir
  0,02    0,000156           2        72         1 mbind
  0,01    0,000119           1        76           rt_sigprocmask
  0,01    0,000118           3        31           mprotect
  0,01    0,000078           2        34        28 access
  0,01    0,000063           1        45           get_mempolicy
  0,00    0,000049           1        28         6 readlink
  0,00    0,000033           1        23        16 unlink
  0,00    0,000026           1        21           getpid
  0,00    0,000022           1        16           rmdir
  0,00    0,000019           3         6           rseq
  0,00    0,000017           0        61           fcntl
  0,00    0,000016           2         6           set_robust_list
  0,00    0,000012           4         3           sched_setaffinity
  0,00    0,000010           3         3           sched_getaffinity
  0,00    0,000007           7         1           rename
  0,00    0,000006           3         2           getrandom
  0,00    0,000005           0        15           getcwd
  0,00    0,000004           2         2           sigaltstack
  0,00    0,000002           0         3           pread64
  0,00    0,000002           2         1           sysinfo
  0,00    0,000002           2         1           arch_prctl
  0,00    0,000002           2         1           prlimit64
  0,00    0,000001           1         1           set_tid_address
  0,00    0,000000           0         1           execve
  0,00    0,000000           0         1           uname
  0,00    0,000000           0         1           eventfd2
------ ----------- ----------- --------- --------- ------------------
100,00    1,021037          51     19767      2009 total
